Segment_Index Rep_Level Decision_Point_Of_Time Case DelayCase
            0         0                2.04241    0         0
            1         0                 2.5526    1         0
            2         0                3.08921    1         0
            3         0                3.60034    1         0
            4         0                 4.0942    1         0
            5         0                4.49594    1         0
            6         0                4.88711    1         0
            7         0                5.26132    1         0
            8         0                5.61819    1         0
            9         0                5.97501   99        99
           10         0                13.5774    1         0
           11         0                14.0395    1         0
           12         0                 14.347   99        99
           13         1                18.7052    1         0
           14         1                19.5897   99        99
           15         2                 27.029    2         0
           16         0                29.1521    4         1
           17         0                35.6347    2         0
           18         0                36.2363   99        99
           19         0                44.2256    1         0
           20         0                 44.342    1         0
           21         0                44.4501   99        99
           22         0                49.4045    1         0
           23         0                49.7029   99        99
           24         0                58.5714    1         0
           25         0                60.0761    1         0
           26         0                61.0294    1         0
           27         0                61.5079   99        99
           28         0                70.9337    1         0
           29         0                72.5082    1         0
           30         0                74.6301    1         0
           31         0                76.0531    1         0
           32         0                77.1599   99        99
           33         0                84.7631    4         1
           34         0                92.0653    2         0
           35         0                94.1042    2         0
           36         0                95.7914    1         0
           37         0                97.1577    4         1
           38         0                 103.83    4         1
           39         0                106.739    4         1
           40         0                110.796    4         1
           41         0                118.869    4         1
           42         0                 123.96    4         1
           43         0                130.282    1         0
           44         0                 131.57    4         1
           45         0                136.433    4         1
           46         0                139.198    4         1
           47         0                141.723    3         0
           48         0                142.538    1         0
           49         0                143.681    1         0
           50         0                146.441    1         0
           51         0                147.925    1         0
