Segment_Index Download_Request_Sent Download_Start Download_End Segment_Size Download_OK
            0               2.04241        2.09319       2.5526        80640           Y
            1                2.5526         2.5997      3.08921        79360           Y
            2               3.08921        3.13665      3.60034        80640           Y
            3               3.60034        3.64902       4.0942        79360           Y
            4                4.0942        4.14114      4.49594        80640           Y
            5               4.49594         4.5429      4.88711        79360           Y
            6               4.88711        4.93473      5.26132        80640           Y
            7               5.26132        5.30689      5.61819        79360           Y
            8               5.61819        5.66374      5.97501        80640           Y
            9               13.2641        13.3118      13.5774        79360           Y
           10               13.5774         13.623      14.0395        80640           Y
           11               14.0395        14.0852       14.347        79360           Y
           12               18.2778        18.3247      18.7052        80640           Y
           13               18.7052        18.7532      19.5897       209203           Y
           14               24.2822          24.35       27.029       207920           Y
           15                27.029        27.0844      29.1521       213280           Y
           16               35.1521        35.1994      35.6347        80640           Y
           17               35.6347        35.6862      36.2363        79360           Y
           18                43.873        43.9306      44.2256        80640           Y
           19               44.2256        44.2699       44.342        79360           Y
           20                44.342        44.3865      44.4501        80640           Y
           21               49.1976        49.2422      49.4045        79360           Y
           22               49.4045        49.4491      49.7029        80640           Y
           23               56.9412        56.9992      58.5714        79360           Y
           24               58.5714        58.6428      60.0761        80640           Y
           25               60.0761        60.1286      61.0294        79360           Y
           26               61.0294        61.0804      61.5079        80640           Y
           27               70.2682        70.3364      70.9337        79360           Y
           28               70.9337        70.9944      72.5082        80640           Y
           29               72.5082        72.5752      74.6301        79360           Y
           30               74.6301        74.7017      76.0531        80640           Y
           31               76.0531         76.106      77.1599        79360           Y
           32               82.6764        82.7694      84.7631        80640           Y
           33               90.7631        90.8274      92.0653        79360           Y
           34               92.0653         92.143      94.1042        80640           Y
           35               94.1042        94.1703      95.7914        79360           Y
           36               95.7914        95.8473      97.1577        80640           Y
           37                102.14        102.213       103.83        79360           Y
           38               105.236        105.316      106.739        80640           Y
           39                109.15        109.261      110.796        79360           Y
           40               118.229        118.279      118.869        80640           Y
           41               122.376        122.443       123.96        79360           Y
           42               128.069        128.118      130.282        80640           Y
           43               130.282        130.333       131.57        79360           Y
           44               135.463        135.523      136.433        80640           Y
           45               137.974         138.03      139.198        79360           Y
           46               140.716         140.79      141.723        80640           Y
           47               141.723        141.772      142.538        79360           Y
           48               142.538        142.591      143.681        80640           Y
           49               143.681        143.743      146.441        79360           Y
           50               146.441        146.561      147.925        80640           Y
