    WinStart       WinEnd Samples_Number      Min      Max       Mean
        1.75          2.1        1       29       29         29
         2.1         2.45       46       37      138    93.3913
        2.45          2.8       36       26       77    50.0278
         2.8         3.15       38       26       45    35.2368
        3.15          3.5       42       26       88    47.4286
         3.5         3.85       36       25       56    32.0556
        3.85          4.2       40       25       73      34.75
         4.2         4.55       48       25       30    27.9375
        4.55          4.9       53       25       66    30.3396
         4.9         5.25       54       24       66    28.4444
        5.25          5.6       52       24       49    26.8269
         5.6         5.95       53       23       49    26.7358
        5.95          6.3        8       24       26         25
         6.3         6.65        0        0        0          0
        6.65            7        0        0        0          0
           7         7.35        0        0        0          0
        7.35          7.7        0        0        0          0
         7.7         8.05        0        0        0          0
        8.05          8.4        0        0        0          0
         8.4         8.75        0        0        0          0
        8.75          9.1        0        0        0          0
         9.1         9.45        0        0        0          0
        9.45          9.8        0        0        0          0
         9.8        10.15        0        0        0          0
       10.15         10.5        0        0        0          0
        10.5        10.85        0        0        0          0
       10.85         11.2        0        0        0          0
        11.2        11.55        0        0        0          0
       11.55         11.9        0        0        0          0
        11.9        12.25        0        0        0          0
       12.25         12.6        0        0        0          0
        12.6        12.95        0        0        0          0
       12.95         13.3        0        0        0          0
        13.3        13.65       58       24       61    43.6724
       13.65           14       44       24       45    31.7273
          14        14.35       64       24       75    40.4375
       14.35         14.7        0        0        0          0
        14.7        15.05        0        0        0          0
       15.05         15.4        0        0        0          0
        15.4        15.75        0        0        0          0
       15.75         16.1        0        0        0          0
        16.1        16.45        0        0        0          0
       16.45         16.8        0        0        0          0
        16.8        17.15        0        0        0          0
       17.15         17.5        0        0        0          0
        17.5        17.85        0        0        0          0
       17.85         18.2        0        0        0          0
        18.2        18.55       31       25       91    65.6774
       18.55         18.9       49       26       85         44
        18.9        19.25       60       23       52      27.75
       19.25         19.6       61       23       27    24.0328
        19.6        19.95        0        0        0          0
       19.95         20.3        0        0        0          0
        20.3        20.65        0        0        0          0
       20.65           21        0        0        0          0
          21        21.35        0        0        0          0
       21.35         21.7        0        0        0          0
        21.7        22.05        0        0        0          0
       22.05         22.4        0        0        0          0
        22.4        22.75        0        0        0          0
       22.75         23.1        0        0        0          0
        23.1        23.45        0        0        0          0
       23.45         23.8        0        0        0          0
        23.8        24.15        0        0        0          0
       24.15         24.5        9       46      180    113.333
        24.5        24.85       29       45      146    80.9655
       24.85         25.2       20       37       98      60.35
        25.2        25.55       14       38       88    55.8571
       25.55         25.9       17       48       78    59.7647
        25.9        26.25       18       54       92    69.6667
       26.25         26.6       14       35       73    54.7857
        26.6        26.95       18       35       73    52.6111
       26.95         27.3       15       34      123    72.5333
        27.3        27.65       10       33       89       52.2
       27.65           28       15       33       78       52.2
          28        28.35       29       26       63    31.2759
       28.35         28.7       41       26       35     28.878
        28.7        29.05       37       26       39    28.9189
       29.05         29.4        6       49      101         77
        29.4        29.75        0        0        0          0
       29.75         30.1        0        0        0          0
        30.1        30.45        0        0        0          0
       30.45         30.8        0        0        0          0
        30.8        31.15        0        0        0          0
       31.15         31.5        0        0        0          0
        31.5        31.85        0        0        0          0
       31.85         32.2        0        0        0          0
        32.2        32.55        0        0        0          0
       32.55         32.9        0        0        0          0
        32.9        33.25        0        0        0          0
       33.25         33.6        0        0        0          0
        33.6        33.95        0        0        0          0
       33.95         34.3        0        0        0          0
        34.3        34.65        0        0        0          0
       34.65           35        0        0        0          0
          35        35.35       21       26       60    38.7143
       35.35         35.7       39       30      124    86.1026
        35.7        36.05       40       35      123      64.95
       36.05         36.4       12       44      113       87.5
        36.4        36.75        0        0        0          0
       36.75         37.1        0        0        0          0
        37.1        37.45        0        0        0          0
       37.45         37.8        0        0        0          0
        37.8        38.15        0        0        0          0
       38.15         38.5        0        0        0          0
        38.5        38.85        0        0        0          0
       38.85         39.2        0        0        0          0
        39.2        39.55        0        0        0          0
       39.55         39.9        0        0        0          0
        39.9        40.25        0        0        0          0
       40.25         40.6        0        0        0          0
        40.6        40.95        0        0        0          0
       40.95         41.3        0        0        0          0
        41.3        41.65        0        0        0          0
       41.65           42        0        0        0          0
          42        42.35        0        0        0          0
       42.35         42.7        0        0        0          0
        42.7        43.05        0        0        0          0
       43.05         43.4        0        0        0          0
        43.4        43.75        0        0        0          0
       43.75         44.1       15       23       56    32.7333
        44.1        44.45      151       23       86    39.0066
       44.45         44.8        1       87       87         87
        44.8        45.15        0        0        0          0
       45.15         45.5        0        0        0          0
        45.5        45.85        0        0        0          0
       45.85         46.2        0        0        0          0
        46.2        46.55        0        0        0          0
       46.55         46.9        0        0        0          0
        46.9        47.25        0        0        0          0
       47.25         47.6        0        0        0          0
        47.6        47.95        0        0        0          0
       47.95         48.3        0        0        0          0
        48.3        48.65        0        0        0          0
       48.65           49        0        0        0          0
          49        49.35       44       23      130    73.7273
       49.35         49.7       66       23      156    44.9545
        49.7        50.05        2       34       37       35.5
       50.05         50.4        0        0        0          0
        50.4        50.75        0        0        0          0
       50.75         51.1        0        0        0          0
        51.1        51.45        0        0        0          0
       51.45         51.8        0        0        0          0
        51.8        52.15        0        0        0          0
       52.15         52.5        0        0        0          0
        52.5        52.85        0        0        0          0
       52.85         53.2        0        0        0          0
        53.2        53.55        0        0        0          0
       53.55         53.9        0        0        0          0
        53.9        54.25        0        0        0          0
       54.25         54.6        0        0        0          0
        54.6        54.95        0        0        0          0
       54.95         55.3        0        0        0          0
        55.3        55.65        0        0        0          0
       55.65           56        0        0        0          0
          56        56.35        0        0        0          0
       56.35         56.7        0        0        0          0
        56.7        57.05        4       36       76      56.75
       57.05         57.4       28       89      263    195.536
        57.4        57.75       25       73      228     123.28
       57.75         58.1        0        0        0          0
        58.1        58.45        0        0        0          0
       58.45         58.8        9       50      191    99.8889
        58.8        59.15       17       38      303    141.941
       59.15         59.5       23       53       68    60.1739
        59.5        59.85       13       44       53    51.0769
       59.85         60.2        2       31       31         31
        60.2        60.55       11       31       59    41.7273
       60.55         60.9       29       31       49    36.5862
        60.9        61.25       35       28       75       38.8
       61.25         61.6       35       32       47       39.4
        61.6        61.95        0        0        0          0
       61.95         62.3        0        0        0          0
        62.3        62.65        0        0        0          0
       62.65           63        0        0        0          0
          63        63.35        0        0        0          0
       63.35         63.7        0        0        0          0
        63.7        64.05        0        0        0          0
       64.05         64.4        0        0        0          0
        64.4        64.75        0        0        0          0
       64.75         65.1        0        0        0          0
        65.1        65.45        0        0        0          0
       65.45         65.8        0        0        0          0
        65.8        66.15        0        0        0          0
       66.15         66.5        0        0        0          0
        66.5        66.85        0        0        0          0
       66.85         67.2        0        0        0          0
        67.2        67.55        0        0        0          0
       67.55         67.9        0        0        0          0
        67.9        68.25        0        0        0          0
       68.25         68.6        0        0        0          0
        68.6        68.95        0        0        0          0
       68.95         69.3        0        0        0          0
        69.3        69.65        0        0        0          0
       69.65           70        0        0        0          0
          70        70.35        2       47       55         51
       70.35         70.7       37       39      133    75.3243
        70.7        71.05       19       30      105    65.4211
       71.05         71.4       11       57      148    109.545
        71.4        71.75        9       57      109    67.1111
       71.75         72.1       15       47       89    68.4667
        72.1        72.45       16       46       90    64.5625
       72.45         72.8       14       34       79    47.7143
        72.8        73.15       18       34       72       48.5
       73.15         73.5       19       49       84    62.8421
        73.5        73.85        5       49       95       71.6
       73.85         74.2        0        0        0          0
        74.2        74.55        0        0        0          0
       74.55         74.9        2       47       50       48.5
        74.9        75.25       13       41       77    55.7692
       75.25         75.6       17       32       95    58.4706
        75.6        75.95       19       41       68    55.2105
       75.95         76.3       18       31      108    68.2222
        76.3        76.65       12       46       75    57.9167
       76.65           77       19       36       75    51.8421
          77        77.35       12       33       45      38.25
       77.35         77.7        0        0        0          0
        77.7        78.05        0        0        0          0
       78.05         78.4        0        0        0          0
        78.4        78.75        0        0        0          0
       78.75         79.1        0        0        0          0
        79.1        79.45        0        0        0          0
       79.45         79.8        0        0        0          0
        79.8        80.15        0        0        0          0
       80.15         80.5        0        0        0          0
        80.5        80.85        0        0        0          0
       80.85         81.2        0        0        0          0
        81.2        81.55        0        0        0          0
       81.55         81.9        0        0        0          0
        81.9        82.25        0        0        0          0
       82.25         82.6        0        0        0          0
        82.6        82.95        5       71      176      115.4
       82.95         83.3        5      146      241      188.4
        83.3        83.65        6       62      142    88.1667
       83.65           84        6      139      179    152.333
          84        84.35       13       30      187    50.6154
       84.35         84.7       17       30       67    41.7647
        84.7        85.05        4       43       51       46.5
       85.05         85.4        0        0        0          0
        85.4        85.75        0        0        0          0
       85.75         86.1        0        0        0          0
        86.1        86.45        0        0        0          0
       86.45         86.8        0        0        0          0
        86.8        87.15        0        0        0          0
       87.15         87.5        0        0        0          0
        87.5        87.85        0        0        0          0
       87.85         88.2        0        0        0          0
        88.2        88.55        0        0        0          0
       88.55         88.9        0        0        0          0
        88.9        89.25        0        0        0          0
       89.25         89.6        0        0        0          0
        89.6        89.95        0        0        0          0
       89.95         90.3        0        0        0          0
        90.3        90.65        0        0        0          0
       90.65           91       10       43      100       67.7
          91        91.35       18       34      134    91.8333
       91.35         91.7       14       34       89         67
        91.7        92.05       12       33       55      42.75
       92.05         92.4        8       56      173     98.875
        92.4        92.75        8       76       95       85.5
       92.75         93.1        9       31       95    69.8889
        93.1        93.45       11       31       53    44.4545
       93.45         93.8       12       41       50       45.5
        93.8        94.15        9       41       64         49
       94.15         94.5        9       45      111    72.2222
        94.5        94.85        9       61       78    68.5556
       94.85         95.2        9       44       78    61.3333
        95.2        95.55       18       33       79    50.4444
       95.55         95.9       13       34       90    62.4615
        95.9        96.25       13       46       82    56.9231
       96.25         96.6       18       36       71    57.6667
        96.6        96.95       16       36       95    66.8125
       96.95         97.3        6       48       67    54.8333
        97.3        97.65        0        0        0          0
       97.65           98        0        0        0          0
          98        98.35        0        0        0          0
       98.35         98.7        0        0        0          0
        98.7        99.05        0        0        0          0
       99.05         99.4        0        0        0          0
        99.4        99.75        0        0        0          0
       99.75        100.1        0        0        0          0
       100.1       100.45        0        0        0          0
      100.45        100.8        0        0        0          0
       100.8       101.15        0        0        0          0
      101.15        101.5        0        0        0          0
       101.5       101.85        0        0        0          0
      101.85        102.2        0        0        0          0
       102.2       102.55       14       52      139    97.6429
      102.55        102.9       13       45      125    65.9231
       102.9       103.25       12       35      113    77.6667
      103.25        103.6        7       47       77    60.1429
       103.6       103.95        9       61      102         76
      103.95        104.3        0        0        0          0
       104.3       104.65        0        0        0          0
      104.65          105        0        0        0          0
         105       105.35        1       59       59         59
      105.35        105.7       10       84      164        115
       105.7       106.05       10       60      119       85.4
      106.05        106.4       15       46       94       59.2
       106.4       106.75       20       46       92      59.75
      106.75        107.1        0        0        0          0
       107.1       107.45        0        0        0          0
      107.45        107.8        0        0        0          0
       107.8       108.15        0        0        0          0
      108.15        108.5        0        0        0          0
       108.5       108.85        0        0        0          0
      108.85        109.2        0        0        0          0
       109.2       109.55        7       89      201    134.429
      109.55        109.9        6       44      113         67
       109.9       110.25       15       42       89       56.4
      110.25        110.6       17       42       81    65.8235
       110.6       110.95       10       58      117       87.2
      110.95        111.3        0        0        0          0
       111.3       111.65        0        0        0          0
      111.65          112        0        0        0          0
         112       112.35        0        0        0          0
      112.35        112.7        0        0        0          0
       112.7       113.05        0        0        0          0
      113.05        113.4        0        0        0          0
       113.4       113.75        0        0        0          0
      113.75        114.1        0        0        0          0
       114.1       114.45        0        0        0          0
      114.45        114.8        0        0        0          0
       114.8       115.15        0        0        0          0
      115.15        115.5        0        0        0          0
       115.5       115.85        0        0        0          0
      115.85        116.2        0        0        0          0
       116.2       116.55        0        0        0          0
      116.55        116.9        0        0        0          0
       116.9       117.25        0        0        0          0
      117.25        117.6        0        0        0          0
       117.6       117.95        0        0        0          0
      117.95        118.3        3       28       40         34
       118.3       118.65       30       34      114    77.4667
      118.65          119       23       40       77    54.6957
         119       119.35        0        0        0          0
      119.35        119.7        0        0        0          0
       119.7       120.05        0        0        0          0
      120.05        120.4        0        0        0          0
       120.4       120.75        0        0        0          0
      120.75        121.1        0        0        0          0
       121.1       121.45        0        0        0          0
      121.45        121.8        0        0        0          0
       121.8       122.15        0        0        0          0
      122.15        122.5        4       45       88       64.5
       122.5       122.85       21       47      156    107.381
      122.85        123.2       16       44      119    84.9375
       123.2       123.55        8       42      139    111.875
      123.55        123.9        3       42       82    67.6667
       123.9       124.25        3       79      135    104.333
      124.25        124.6        0        0        0          0
       124.6       124.95        0        0        0          0
      124.95        125.3        0        0        0          0
       125.3       125.65        0        0        0          0
      125.65          126        0        0        0          0
         126       126.35        0        0        0          0
      126.35        126.7        0        0        0          0
       126.7       127.05        0        0        0          0
      127.05        127.4        0        0        0          0
       127.4       127.75        0        0        0          0
      127.75        128.1        0        0        0          0
       128.1       128.45       29       28      106         64
      128.45        128.8       30       33      106       46.2
       128.8       129.15        0        0        0          0
      129.15        129.5        0        0        0          0
       129.5       129.85        0        0        0          0
      129.85        130.2        0        0        0          0
       130.2       130.55        2       30      921      475.5
      130.55        130.9       16       35       96     65.125
       130.9       131.25       21       30       79     49.619
      131.25        131.6       17       58       98    75.5294
       131.6       131.95        0        0        0          0
      131.95        132.3        0        0        0          0
       132.3       132.65        0        0        0          0
      132.65          133        0        0        0          0
         133       133.35        0        0        0          0
      133.35        133.7        0        0        0          0
       133.7       134.05        0        0        0          0
      134.05        134.4        0        0        0          0
       134.4       134.75        0        0        0          0
      134.75        135.1        0        0        0          0
       135.1       135.45        0        0        0          0
      135.45        135.8       15       38      132       90.4
       135.8       136.15       19       31       92    42.8421
      136.15        136.5       22       41       76    53.9545
       136.5       136.85        0        0        0          0
      136.85        137.2        0        0        0          0
       137.2       137.55        0        0        0          0
      137.55        137.9        0        0        0          0
       137.9       138.25       10       35      175      115.7
      138.25        138.6       17       33      141    63.7059
       138.6       138.95       16       36      118    81.5625
      138.95        139.3       12       27       48    33.6667
       139.3       139.65        0        0        0          0
      139.65          140        0        0        0          0
         140       140.35        0        0        0          0
      140.35        140.7        0        0        0          0
       140.7       141.05       12       50      135    75.4167
      141.05        141.4       20       28       40       31.3
       141.4       141.75       24       26       40    32.0833
      141.75        142.1       25       28       70      36.52
       142.1       142.45       24       30       71    47.3333
      142.45        142.8       19       30       65    45.5263
       142.8       143.15       20       46       87       55.9
      143.15        143.5       15       33       65    49.2667
       143.5       143.85       14       29       95    52.2857
      143.85        144.2       10       44      182       80.6
       144.2       144.55        4      139      219        159
      144.55        144.9        4       62      142         92
       144.9       145.25        7       83      179    124.571
      145.25        145.6        8       83      146     119.75
       145.6       145.95        8      104      187    140.625
      145.95        146.3        5       83      179      121.4
       146.3       146.65        6       99      251    164.333
      146.65          147        6      139      259        179
         147       147.35       12       30      227    60.1667
      147.35        147.7       22       35       54    41.5909
       147.7       148.05       18       40       83    50.2222
      148.05        148.4        9       67      122    101.667
       148.4       148.75        4       68       68         68
      148.75        149.1        8       68      148         96
       149.1       149.45        4      139      255        197
      149.45        149.8        4       62      219     139.75
