Segment_Index Playback_Start Quality_Level
            0         3.2526             0
            1         6.2526             0
            2         9.2526             0
            3        12.2526             0
            4        15.2526             0
            5        18.2526             0
            6        21.2526             0
            7        24.2526             0
            8        27.2526             0
            9        33.6526             0
           10        36.6526             0
           11        39.6526             0
           12        42.6526             0
           13        45.6526             1
           14        48.6526             1
           15        51.6526             2
           16        54.6526             0
           17        57.6526             0
           18        60.6526             0
           19        63.6526             0
           20        66.6526             0
           21        69.6526             0
           22        72.6526             0
           23        75.6526             0
           24        78.6526             0
           25        81.6526             0
           26        84.6526             0
           27        87.6526             0
           28        90.6526             0
           29        93.6526             0
           30        96.6526             0
           31        99.6526             0
           32        102.653             0
           33        105.653             0
           34        108.653             0
           35        111.653             0
           36        114.653             0
           37        117.653             0
           38        120.653             0
           39        123.653             0
           40        126.653             0
           41        129.653             0
           42        132.653             0
           43        135.653             0
           44        138.653             0
           45        141.653             0
           46        144.653             0
           47        147.653             0
