     Time_Now Bytes Received 
      2.09319          1448
       2.1008          1448
      2.10842          1448
      2.11603          1448
      2.12364          1448
      2.13125          1448
      2.13887          1448
      2.14648          1448
      2.15409          1448
       2.1617          1448
      2.16932          1448
      2.17693          1448
      2.18454          1448
      2.19215          1448
      2.19977          1448
      2.38246         21720
      2.43575         10136
      2.46619         11584
       2.5526         15480
       2.5997          1448
      2.60351          1448
      2.61112          1448
      2.61873          1448
      2.62635          1448
      2.65679          1448
       2.6606          1448
      2.67202          1448
      2.67583          1448
      2.71008          1448
      2.71389          1448
       2.7215          1448
      2.72911          1448
      2.73672          1448
      2.76337          1448
      2.76717          1448
      2.77479          1448
       2.7824          1448
      2.79001          1448
      2.79762          1448
      2.82046          1448
      2.82427          1448
      2.83188          1448
      2.83949          1448
       2.8471          1448
      2.85471          1448
      2.86233          1448
      2.87755          1448
      2.88136          1448
      2.89278          1448
      2.89658          1448
        2.908          1448
      2.91181          1448
      2.93084          1448
      2.93464          1448
      2.94225          1448
      2.94606          1448
      2.95748          1448
      2.96129          1448
      2.96509          1448
      2.98412          1448
      2.98793          1448
      2.99554          1448
      2.99935          1448
      3.01077          1448
      3.01493          1448
      3.01911          1448
      3.03161          1448
      3.03995          1448
      3.04829          1448
      3.05663          1448
      3.06497          1448
      3.07331          1448
      3.08164          1448
      3.08921          1168
      3.13665          1448
      3.14082          1448
      3.14916          1448
       3.1575          1448
      3.16583          1448
      3.17417          1448
      3.18251          1448
      3.19085          1448
      3.19919          1448
      3.20753          1448
      3.21587          1448
      3.22416          1448
      3.22833          1448
       3.2325          1448
      3.23667          1448
      3.24084          1448
      3.24501          1448
      3.25496          1448
      3.25913          1448
       3.2758          1448
      3.28414          1448
      3.29248          1448
      3.30081          1448
      3.30915          1448
      3.31749          1448
      3.32583          1448
      3.33417          1448
      3.34251          1448
      3.35085          1448
      3.35919          1448
      3.36752          1448
      3.37586          1448
      3.46759         10136
      3.49837          8688
       3.5067          1448
      3.51921          1448
      3.52338          1448
      3.53747          1448
      3.54998          1448
      3.55415          1448
      3.56666          1448
      3.57083          1448
      3.58491          1448
      3.58908          1448
      3.60034          1000
      3.64902          1448
      3.65319          1448
       3.6657          1448
      3.66987          1448
      3.67404          1448
      3.67821          1448
      3.70063          1448
      3.70479          1448
       3.7173          1448
      3.72147          1448
      3.72564          1448
      3.72981          1448
      3.75223          1448
       3.7564          1448
      3.76474          1448
      3.77308          1448
      3.77725          1448
      3.78142          1448
      3.78559          1448
      3.80643          1448
       3.8106          1448
      3.82468          1448
      3.82885          1448
      3.83302          1448
      3.83719          1448
      3.85804          1448
      3.86221          1448
      3.87629          1448
      3.88046          1448
      3.88463          1448
       3.8888          1448
      3.90964          1448
      3.91381          1448
      3.92789          1448
      3.93206          1448
      3.93623          1448
       3.9404          1448
      3.96125          1448
      3.96542          1448
       3.9795          1448
      3.98367          1448
      3.98784          1448
        3.992          1448
      4.01235          1448
      4.01602          1448
       4.0296          1448
      4.03327          1448
      4.03694          1448
      4.04061          1448
      4.06296          1448
      4.06663          1448
      4.08021          1448
      4.08754          1448
      4.09121          1448
       4.0942          1168
      4.14114          1448
      4.14481          1448
      4.14848          1448
      4.15949          1448
      4.16682          1448
      4.17416          1448
       4.1815          1448
      4.18884          1448
      4.19251          1448
      4.19618          1448
      4.20718          1448
      4.21085          1448
      4.22186          1448
      4.22553          1448
      4.23653          1448
       4.2402          1448
      4.24387          1448
      4.24754          1448
      4.25855          1448
      4.26222          1448
      4.27323          1448
      4.27689          1448
       4.2879          1448
      4.29157          1448
      4.29524          1448
      4.29891          1448
      4.30992          1448
      4.31358          1448
      4.32459          1448
      4.32826          1448
      4.33927          1448
      4.34294          1448
      4.34661          1448
      4.35027          1448
      4.36128          1448
      4.36495          1448
      4.37596          1448
      4.37963          1448
      4.39063          1448
       4.3943          1448
      4.39797          1448
      4.40164          1448
      4.41265          1448
      4.41632          1448
      4.42732          1448
      4.43099          1448
        4.442          1448
      4.44567          1448
      4.44934          1448
      4.45301          1448
      4.46401          1448
      4.46768          1448
      4.47869          1448
      4.48236          1448
      4.49336          1448
      4.49594          1000
       4.5429          1448
      4.54657          1448
      4.55024          1448
      4.55391          1448
      4.56492          1448
      4.56859          1448
      4.57959          1448
      4.58326          1448
      4.59427          1448
      4.59794          1448
      4.60161          1448
      4.60528          1448
      4.61628          1448
      4.61995          1448
      4.63096          1448
      4.63463          1448
      4.64564          1448
      4.64931          1448
      4.65297          1448
      4.65664          1448
      4.66765          1448
      4.67132          1448
      4.68233          1448
        4.686          1448
        4.697          1448
      4.70067          1448
      4.70434          1448
      4.70801          1448
      4.71902          1448
      4.72269          1448
      4.73369          1448
      4.73736          1448
      4.74837          1448
      4.75204          1448
      4.75571          1448
      4.75938          1448
      4.77038          1448
      4.77405          1448
      4.78506          1448
      4.78873          1448
      4.79973          1448
       4.8034          1448
      4.80707          1448
      4.81074          1448
      4.82175          1448
      4.82542          1448
      4.83642          1448
      4.84009          1448
       4.8511          1448
      4.85477          1448
      4.85844          1448
      4.86211          1448
      4.87312          1448
      4.87678          1448
      4.88711          1168
      4.93473          1448
      4.93839          1448
       4.9494          1448
      4.95307          1448
      4.95674          1448
      4.96041          1448
      4.97142          1448
      4.97508          1448
      4.98609          1448
      4.98976          1448
      5.00077          1448
      5.00444          1448
      5.00811          1448
      5.01038          1448
      5.02063          1448
       5.0229          1448
       5.0353          1448
      5.03758          1448
      5.04998          1448
      5.05226          1448
      5.05593          1448
       5.0582          1448
      5.06845          1448
      5.07072          1448
      5.08312          1448
       5.0854          1448
       5.0978          1448
      5.10008          1448
      5.10374          1448
      5.10602          1448
      5.11627          1448
      5.11854          1448
      5.13094          1448
      5.13322          1448
      5.14562          1448
      5.14789          1448
      5.15156          1448
      5.15384          1448
      5.16408          1448
      5.16636          1448
      5.17876          1448
      5.18104          1448
      5.19344          1448
      5.19571          1448
      5.19938          1448
      5.20166          1448
       5.2119          1448
      5.21418          1448
      5.22658          1448
      5.22886          1448
      5.24125          1448
      5.24353          1448
       5.2472          1448
      5.24948          1448
      5.25972          1448
      5.26132          1000
      5.30689          1448
      5.30917          1448
      5.31372          1448
      5.31827          1448
      5.32055          1448
      5.32282          1448
      5.32965          1448
      5.33193          1448
      5.35471          1448
      5.35698          1448
      5.36381          1448
      5.36609          1448
      5.36837          1448
      5.37064          1448
      5.37747          1448
      5.37975          1448
      5.40253          1448
       5.4048          1448
      5.41163          1448
      5.41391          1448
      5.41618          1448
      5.41846          1448
      5.42529          1448
      5.42757          1448
      5.45035          1448
      5.45262          1448
      5.45945          1448
      5.46173          1448
        5.464          1448
      5.46628          1448
      5.47539          1448
      5.47766          1448
      5.49817          1448
      5.50044          1448
      5.50727          1448
      5.50955          1448
      5.51182          1448
       5.5141          1448
       5.5232          1448
      5.52548          1448
      5.54598          1448
      5.54826          1448
      5.55509          1448
      5.55736          1448
      5.55964          1448
      5.56192          1448
      5.57102          1448
       5.5733          1448
       5.5938          1448
      5.59608          1448
      5.60291          1448
      5.60518          1448
      5.60746          1448
      5.60974          1448
      5.61819          1168
      5.66374          1448
      5.66602          1448
      5.66829          1448
      5.67512          1448
      5.67968          1448
      5.68423          1448
       5.6865          1448
      5.68878          1448
      5.71156          1448
      5.71384          1448
      5.72067          1448
      5.72294          1448
      5.72977          1448
      5.73205          1448
      5.73432          1448
       5.7366          1448
      5.75938          1448
      5.76166          1448
      5.76849          1448
      5.77076          1448
      5.77759          1448
      5.77987          1448
      5.78214          1448
      5.78442          1448
       5.8072          1448
      5.80947          1448
       5.8163          1448
      5.81858          1448
      5.82541          1448
      5.82768          1448
      5.82996          1448
      5.83224          1448
      5.85502          1448
      5.85729          1448
      5.86412          1448
       5.8664          1448
      5.87323          1448
       5.8755          1448
      5.87778          1448
      5.88006          1448
      5.90284          1448
      5.90511          1448
      5.91194          1448
      5.91422          1448
      5.92105          1448
      5.92332          1448
       5.9256          1448
      5.92787          1448
      5.95066          1448
      5.95293          1448
      5.95976          1448
      5.96204          1448
      5.96887          1448
      5.97114          1448
      5.97342          1448
      5.97501          1000
      13.3118          1448
      13.3166          1448
      13.3213          1448
      13.3261          1448
      13.3308          1448
      13.3356          1448
      13.3403          1448
      13.3451          1448
      13.3664          1448
      13.3688          1448
      13.3736          1448
      13.3783          1448
      13.3831          1448
      13.3878          1448
      13.3926          1448
      13.3973          1448
      13.4021          1448
      13.4068          1448
      13.4116          1448
      13.4163          1448
      13.4211          1448
      13.4258          1448
      13.4306          1448
      13.4353          1448
      13.4401          1448
      13.4448          1448
      13.4496          1448
      13.4543          1448
      13.4591          1448
      13.4638          1448
      13.4686          1448
      13.4733          1448
      13.4781          1448
      13.4829          1448
      13.4876          1448
      13.4924          1448
      13.4961          1448
      13.4984          1448
      13.5008          1448
      13.5032          1448
      13.5056          1448
      13.5079          1448
      13.5103          1448
      13.5127          1448
      13.5151          1448
      13.5174          1448
      13.5198          1448
      13.5222          1448
      13.5246          1448
      13.5774          8408
       13.623          1448
      13.6254          1448
      13.6278          1448
       13.671          1448
      13.6734          1448
      13.6758          1448
      13.7167          1448
      13.7191          1448
      13.7214          1448
      13.7238          1448
      13.7262          1448
      13.7666          1448
      13.7689          1448
      13.7713          1448
      13.7737          1448
      13.7761          1448
      13.8165          1448
      13.8188          1448
      13.8212          1448
      13.8236          1448
       13.826          1448
      13.8283          1448
      13.8355          1448
      13.8687          1448
      13.8711          1448
      13.8759          1448
      13.8782          1448
      13.8806          1448
      13.8877          1448
      13.8925          1448
      13.9186          1448
       13.921          1448
      13.9257          1448
      13.9305          1448
      13.9352          1448
        13.94          1448
      13.9447          1448
      13.9495          1448
      13.9542          1448
       13.959          1448
      13.9709          1448
      13.9733          1448
      13.9804          1448
      13.9828          1448
      13.9899          1448
      13.9923          1448
      13.9994          1448
      14.0018          1448
      14.0065          1448
      14.0113          1448
      14.0161          1448
      14.0233          1448
      14.0257          1448
       14.033          1448
      14.0354          1448
      14.0395          1000
      14.0852          1448
      14.0876          1448
      14.0924          1448
      14.0972          1448
      14.0996          1448
      14.1068          1448
      14.1116          1448
      14.1164          1448
      14.1213          1448
      14.1261          1448
      14.1309          1448
      14.1357          1448
      14.1405          1448
      14.1453          1448
      14.1477          1448
      14.1549          1448
      14.1598          1448
      14.1646          1448
      14.1694          1448
      14.1742          1448
       14.179          1448
      14.1838          1448
      14.1886          1448
      14.1935          1448
      14.1959          1448
      14.2031          1448
      14.2079          1448
      14.2127          1448
      14.2175          1448
      14.2223          1448
      14.2271          1448
       14.232          1448
      14.2368          1448
      14.2416          1448
      14.3234         24616
      14.3282          1448
       14.333          1448
      14.3427          1448
       14.347          1168
      18.3247          1448
       18.332          1448
      18.3394          1448
      18.3467          1448
      18.3541          1448
      18.3614          1448
      18.3687          1448
      18.3761          1448
      18.3834          1448
      18.3908          1448
      18.3981          1448
      18.4054          1448
      18.4128          1448
      18.4201          1448
      18.4274          1448
      18.4348          1448
      18.5559         21720
      18.6109         15928
      18.6182          1448
      18.6256          1448
      18.6329          1448
      18.6402          1448
      18.6476          1448
      18.6549          1448
      18.6586          1448
      18.6623          1448
      18.6696          1448
      18.6769          1448
      18.6843          1448
      18.6916          1448
      18.6989          1448
      18.7052          1000
      18.7532          1448
      18.7569          1448
      18.7606          1448
      18.7679          1448
      18.7752          1448
      18.7826          1448
      18.7899          1448
      18.7973          1448
      18.8046          1448
      18.8083          1448
      18.8119          1448
      18.8193          1448
      18.8266          1448
       18.834          1448
      18.8413          1448
      18.8486          1448
       18.856          1448
      18.8596          1448
      18.8633          1448
      18.9587         20272
      18.9624          1448
      18.9697          1448
       18.977          1448
      18.9844          1448
      18.9917          1448
      18.9991          1448
      19.0064          1448
      19.0101          1448
      19.0146          1448
      19.0162          1448
      19.0293          1448
      19.0309          1448
      19.0439          1448
      19.0455          1448
      19.0549          1448
      19.0565          1448
      19.0611          1448
      19.0627          1448
      19.0757          1448
      19.0773          1448
      19.0904          1448
       19.092          1448
      19.1014          1448
       19.103          1448
      19.1075          1448
      19.1092          1448
      19.1222          1448
      19.1238          1448
      19.1369          1448
      19.1385          1448
      19.1479          1448
      19.1495          1448
       19.154          1448
      19.1556          1448
      19.1687          1448
      19.1703          1448
      19.1834          1448
       19.185          1448
      19.1944          1448
       19.196          1448
      19.2005          1448
      19.2021          1448
      19.2152          1448
      19.2168          1448
      19.2184          1448
      19.2299          1448
      19.2315          1448
      19.2409          1448
      19.2425          1448
       19.247          1448
      19.2486          1448
      19.2617          1448
      19.2633          1448
      19.2747          1448
      19.2763          1448
      19.2857          1448
      19.2874          1448
      19.2919          1448
      19.2935          1448
      19.3065          1448
      19.3082          1448
      19.3196          1448
      19.3212          1448
      19.3306          1448
      19.3322          1448
      19.3367          1448
      19.3384          1448
      19.3514          1448
       19.353          1448
      19.3645          1448
      19.3661          1448
      19.3755          1448
      19.3771          1448
      19.3816          1448
      19.3832          1448
      19.3963          1448
      19.3979          1448
      19.4094          1448
       19.411          1448
      19.4204          1448
       19.422          1448
      19.4265          1448
      19.4281          1448
      19.4412          1448
      19.4428          1448
      19.4542          1448
      19.4558          1448
      19.4652          1448
      19.4669          1448
      19.4714          1448
       19.473          1448
       19.486          1448
      19.4877          1448
      19.4991          1448
      19.5007          1448
      19.5101          1448
      19.5117          1448
      19.5162          1448
      19.5179          1448
      19.5309          1448
      19.5325          1448
       19.544          1448
      19.5456          1448
       19.555          1448
      19.5566          1448
      19.5611          1448
      19.5627          1448
      19.5643          1448
      19.5758          1448
      19.5774          1448
      19.5889          1448
      19.5897           691
        24.35          1448
      24.3667          1448
      24.3835          1448
      24.4002          1448
       24.417          1448
      24.4338          1448
      24.6265         10136
      24.6516          5792
      24.6935         10136
      24.7019          1448
      24.7103          1448
      24.7187          1448
      24.7438          1448
      24.7522          1448
      24.7606          1448
      24.7689          1448
      24.8946         14480
       24.903          1448
      24.9114          1448
      24.9365          1448
      24.9617          1448
        24.97          1448
      24.9784          1448
      24.9868          1448
      25.0119          1448
      25.0319          1448
      25.0518          1448
      25.0618          1448
      25.0916          1448
      25.1016          1448
      25.1315          1448
      25.2909         11584
      25.3308          1448
      25.3607          1448
      25.3706          1448
      25.4204          1448
      25.4304          1448
      25.4802          1448
      25.4902          1448
        25.54          1448
        25.55          1448
      25.5599          1448
      25.6098          1448
      25.6197          1448
      25.6297          1448
      25.6596          1448
      25.6895          1448
      25.6994          1448
      25.7293          1448
      25.7393          1448
      25.7692          1448
      25.7791          1448
      25.7991          1448
       25.819          1448
      25.8389          1448
      25.8588          1448
      25.8788          1448
      25.8987          1448
      25.9186          1448
      25.9385          1448
      25.9585          1448
      25.9784          1448
      25.9983          1448
      26.0178          1448
      26.0367          1448
      26.0556          1448
      26.0745          1448
      26.0934          1448
      26.1124          1448
      26.1313          1448
      26.1502          1448
      26.1691          1448
      26.1881          1448
       26.207          1448
      26.2259          1448
      26.3773         11584
      26.4151          1448
      26.4435          1448
       26.453          1448
      26.5003          1448
      26.5097          1448
      26.5571          1448
      26.5665          1448
      26.6138          1448
      26.6233          1448
      26.6327          1448
      26.6801          1448
      26.6895          1448
       26.699          1448
      26.7274          1448
      26.7557          1448
      26.7652          1448
      26.7936          1448
      26.8031          1448
      26.8314          1448
      26.8409          1448
      26.8693          1448
      26.8787          1448
      26.8977          1448
      26.9166          1448
      26.9355          1448
      26.9544          1448
      26.9734          1448
      26.9923          1448
      27.0112          1448
       27.029           856
      27.0844          1448
      27.0955          1448
      27.1288          1448
      27.1509          1448
      27.1731          1448
      27.1953          1448
      27.2174          1448
      27.3726          8688
      27.5368          5792
      27.5911          1448
      27.6022          1448
      27.6133          1448
      27.6566          1448
      27.6677          1448
       27.712          1448
      27.7231          1448
      27.7785          1448
      27.7896          1448
      27.8007          1448
       27.845          1448
      27.8561          1448
      27.8783          1448
      27.9004          1448
      27.9226          1448
      27.9448          1448
      27.9669          1448
      27.9891          1448
      28.0113          1448
      28.0205          1448
      28.0296          1448
      28.0388          1448
      28.0434          1448
      28.0683          1448
      28.0729          1448
      28.0867          1448
      28.0913          1448
      28.1162          1448
      28.1208          1448
      28.1345          1448
      28.1391          1448
       28.164          1448
      28.1686          1448
      28.1824          1448
       28.187          1448
      28.2119          1448
      28.2165          1448
      28.2302          1448
      28.2348          1448
      28.2597          1448
      28.2643          1448
      28.2781          1448
      28.2827          1448
      28.3076          1448
      28.3122          1448
       28.326          1448
      28.3305          1448
      28.3555          1448
        28.36          1448
      28.3646          1448
      28.3784          1448
       28.383          1448
      28.4033          1448
      28.4079          1448
      28.4125          1448
      28.4171          1448
      28.4308          1448
      28.4354          1448
      28.4558          1448
      28.4603          1448
      28.4649          1448
      28.4695          1448
      28.4833          1448
      28.4879          1448
      28.5082          1448
      28.5128          1448
      28.5174          1448
       28.522          1448
      28.5357          1448
      28.5403          1448
      28.5606          1448
      28.5652          1448
      28.5698          1448
      28.5744          1448
      28.5882          1448
      28.5928          1448
      28.6131          1448
      28.6177          1448
      28.6223          1448
      28.6269          1448
      28.6406          1448
      28.6452          1448
      28.6655          1448
      28.6701          1448
      28.6747          1448
      28.6793          1448
      28.6931          1448
      28.6977          1448
       28.718          1448
      28.7226          1448
      28.7272          1448
      28.7318          1448
      28.7455          1448
      28.7501          1448
      28.7704          1448
       28.775          1448
      28.7796          1448
      28.7842          1448
       28.798          1448
      28.8026          1448
      28.8229          1448
      28.8275          1448
      28.8321          1448
      28.8366          1448
      28.8504          1448
       28.855          1448
      28.8753          1448
      28.8799          1448
      28.8845          1448
      28.8891          1448
      28.9029          1448
      28.9075          1448
      28.9278          1448
      28.9324          1448
      28.9369          1448
      28.9415          1448
      28.9553          1448
      28.9599          1448
      28.9802          1448
      28.9848          1448
      28.9894          1448
       28.994          1448
      29.0078          1448
      29.0172          1448
      29.0455          1448
      29.0549          1448
      29.0831          1448
       29.102          1448
      29.1208          1448
      29.1397          1448
      29.1521           424
      35.1994          1448
      35.2035          1448
      35.2076          1448
      35.2197          1448
      35.2278          1448
      35.2334          1448
      35.2508          1448
      35.2549          1448
      35.2589          1448
       35.267          1448
      35.2711          1448
      35.2751          1448
      35.2873          1448
      35.2914          1448
      35.2995          1448
      35.3076          1448
      35.3157          1448
      35.3238          1448
      35.3319          1448
        35.34          1448
      35.3481          1448
      35.3562          1448
      35.3643          1448
      35.3724          1448
      35.3805          1448
      35.3887          1448
      35.3968          1448
      35.4049          1448
       35.413          1448
      35.5751         20272
      35.6185         10136
      35.6347          8240
      35.6862          1448
      35.6903          1448
      35.6984          1448
      35.7065          1448
      35.7146          1448
      35.7227          1448
      35.7308          1448
      35.7389          1448
       35.747          1448
      35.7552          1448
      35.7633          1448
      35.7714          1448
      35.7795          1448
      35.7876          1448
      35.7957          1448
      35.9092         11584
      35.9335         10136
      35.9984         14480
      36.0065          1448
       36.019          1448
      36.0358          1448
      36.0527          1448
      36.0695          1448
      36.0863          1448
      36.1032          1448
        36.12          1448
      36.2363          9856
      43.9306          1448
      43.9374          1448
       43.951          1448
      43.9986          1448
      44.0054          1448
      44.0132          1448
      44.0429          1448
      44.0439          1448
      44.0449          1448
      44.0575          1448
      44.0585          1448
      44.0595          1448
      44.0881          1448
      44.0891          1448
      44.0901          1448
      44.1027          1448
      44.1037          1448
      44.1047          1448
      44.1057          1448
      44.1067          1448
      44.1077          1448
      44.1334          1448
      44.1344          1448
      44.1354          1448
       44.148          1448
       44.149          1448
        44.15          1448
       44.151          1448
       44.152          1448
       44.153          1448
       44.154          1448
       44.155          1448
       44.156          1448
      44.1777          1448
      44.1787          1448
      44.1797          1448
      44.1807          1448
      44.1817          1448
      44.1827          1448
      44.1933          1448
      44.1943          1448
      44.1953          1448
      44.1963          1448
      44.1973          1448
      44.1983          1448
      44.1993          1448
      44.2003          1448
      44.2013          1448
      44.2023          1448
      44.2033          1448
      44.2063          1448
      44.2219          1448
      44.2229          1448
      44.2239          1448
      44.2249          1448
      44.2256          1000
      44.2699          1448
      44.2709          1448
      44.2719          1448
      44.2729          1448
      44.2739          1448
      44.2749          1448
      44.2759          1448
      44.2769          1448
      44.2779          1448
      44.2789          1448
      44.2799          1448
      44.2809          1448
      44.2819          1448
      44.2849          1448
      44.2859          1448
      44.2869          1448
      44.2879          1448
      44.2889          1448
      44.2899          1448
      44.2909          1448
      44.2919          1448
      44.2929          1448
      44.2939          1448
      44.2969          1448
      44.2979          1448
      44.2989          1448
      44.2999          1448
      44.3009          1448
      44.3019          1448
      44.3029          1448
      44.3039          1448
      44.3152          1448
      44.3162          1448
      44.3172          1448
      44.3182          1448
      44.3192          1448
      44.3202          1448
      44.3212          1448
      44.3222          1448
      44.3232          1448
      44.3242          1448
      44.3252          1448
      44.3262          1448
      44.3272          1448
      44.3302          1448
      44.3312          1448
      44.3322          1448
      44.3332          1448
      44.3342          1448
      44.3352          1448
      44.3362          1448
      44.3372          1448
      44.3382          1448
      44.3392          1448
       44.342          1168
      44.3865          1448
      44.3875          1448
      44.3885          1448
      44.3895          1448
      44.3905          1448
      44.3915          1448
      44.3925          1448
      44.3935          1448
      44.3965          1448
      44.3975          1448
      44.3985          1448
      44.3995          1448
      44.4005          1448
      44.4015          1448
      44.4025          1448
      44.4035          1448
      44.4045          1448
      44.4055          1448
      44.4065          1448
      44.4075          1448
      44.4085          1448
      44.4094          1448
      44.4104          1448
      44.4115          1448
      44.4124          1448
      44.4134          1448
      44.4144          1448
      44.4154          1448
      44.4164          1448
      44.4174          1448
      44.4204          1448
      44.4214          1448
      44.4224          1448
      44.4234          1448
      44.4244          1448
      44.4254          1448
      44.4264          1448
      44.4274          1448
      44.4284          1448
      44.4294          1448
      44.4324          1448
      44.4344          1448
      44.4354          1448
      44.4364          1448
      44.4374          1448
      44.4384          1448
      44.4394          1448
      44.4424          1448
      44.4434          1448
      44.4444          1448
      44.4454          1448
      44.4464          1448
      44.4474          1448
      44.4484          1448
      44.4494          1448
      44.4501          1000
      49.2422          1448
      49.2435          1448
      49.2449          1448
      49.2462          1448
      49.2475          1448
      49.2488          1448
      49.2501          1448
      49.2541          1448
      49.2568          1448
      49.2594          1448
       49.262          1448
      49.2647          1448
      49.2673          1448
        49.27          1448
      49.2726          1448
      49.2753          1448
      49.2779          1448
      49.2806          1448
      49.2832          1448
      49.2859          1448
      49.2885          1448
      49.2911          1448
      49.2938          1448
      49.2964          1448
      49.2991          1448
      49.3017          1448
      49.3044          1448
       49.307          1448
      49.3097          1448
      49.3123          1448
       49.315          1448
      49.3176          1448
      49.3202          1448
      49.3229          1448
      49.3255          1448
      49.3282          1448
      49.3308          1448
      49.3335          1448
      49.3361          1448
      49.3388          1448
      49.3414          1448
      49.3441          1448
      49.3467          1448
      49.3493          1448
       49.352          1448
      49.4045         14200
      49.4491          1448
      49.4505          1448
      49.4531          1448
      49.4558          1448
      49.4951          1448
      49.4964          1448
       49.499          1448
      49.5017          1448
      49.5043          1448
       49.507          1448
       49.541          1448
      49.5423          1448
      49.5436          1448
      49.5476          1448
      49.5489          1448
      49.5502          1448
      49.5542          1448
      49.5568          1448
      49.5595          1448
      49.5869          1448
      49.5882          1448
      49.5895          1448
      49.5935          1448
      49.5948          1448
      49.5961          1448
      49.5975          1448
      49.6014          1448
      49.6028          1448
      49.6067          1448
      49.6094          1448
       49.612          1448
      49.6319          1448
      49.6332          1448
      49.6345          1448
      49.6358          1448
      49.6398          1448
      49.6411          1448
      49.6424          1448
      49.6438          1448
      49.6477          1448
      49.6491          1448
       49.653          1448
      49.6557          1448
      49.6583          1448
       49.661          1448
      49.6782          1448
      49.6795          1448
      49.6821          1448
      49.6848          1448
      49.6874          1448
      49.6901          1448
      49.6927          1448
      49.6953          1448
       49.698          1448
      49.7006          1448
      49.7029          1000
      56.9992          1448
       57.014          1448
      57.0265          1448
      57.0389          1448
      57.0514          1448
      57.0639          1448
      57.0763          1448
      57.0888          1448
      57.1012          1448
      57.1137          1448
      57.4004         14480
      57.4503          7240
      58.4718          7240
      58.5433         13032
      58.5714         22888
      58.6428          1448
       58.671          1448
      58.6991          1448
      58.7273          1448
      58.7554          1448
      58.7835          1448
      59.0236          4344
      59.0385          2896
      59.0534          1448
      59.0683          2896
      59.0832          2896
      59.0981          2896
      59.2025          2896
      60.0761         51680
      60.1286          1448
      60.3812          1448
      60.3904          1448
      60.4429          1448
      60.4522          1448
      60.4614          1448
      60.4706          1448
      60.5047          1448
      60.5139          1448
      60.5231          1448
      60.5324          1448
      60.5416          1448
      60.5664          1448
      60.5757          1448
      60.5849          1448
      60.5941          1448
      60.6189          1448
      60.6282          1448
      60.6374          1448
      60.6467          1448
      60.6714          1448
      60.6807          1448
      60.6899          1448
      60.6992          1448
      60.7239          1448
      60.7332          1448
      60.7424          1448
      60.7517          1448
      60.7765          1448
      60.7857          1448
      60.7949          1448
      60.8042          1448
      60.8134          1448
       60.829          1448
      60.8382          1448
      60.8474          1448
      60.8567          1448
      60.8659          1448
      60.8752          1448
      60.8907          1448
         60.9          1448
      60.9092          1448
      60.9184          1448
      60.9277          1448
      60.9369          1448
      60.9525          1448
      60.9617          1448
       60.971          1448
      60.9802          1448
      60.9894          1448
      60.9987          1448
      61.0079          1448
      61.0156          1448
      61.0232          1448
      61.0294          1168
      61.0804          1448
       61.088          1448
      61.0956          1448
      61.1033          1448
      61.1109          1448
      61.1185          1448
      61.1261          1448
      61.1389          1448
      61.1465          1448
      61.1542          1448
      61.1618          1448
      61.1694          1448
       61.177          1448
      61.1898          1448
      61.1974          1448
       61.205          1448
      61.2127          1448
      61.2203          1448
      61.2279          1448
      61.2356          1448
      61.2432          1448
      61.2508          1448
      61.2585          1448
      61.2661          1448
      61.2737          1448
      61.2813          1448
       61.289          1448
      61.2966          1448
      61.3042          1448
      61.3119          1448
      61.3195          1448
      61.3271          1448
      61.3347          1448
      61.3424          1448
        61.35          1448
      61.3576          1448
      61.3653          1448
      61.3729          1448
      61.3805          1448
      61.3881          1448
      61.3958          1448
      61.4034          1448
       61.411          1448
      61.4187          1448
      61.4263          1448
      61.4339          1448
      61.4416          1448
      61.4492          1448
      61.4568          1448
      61.4644          1448
      61.4721          1448
      61.4797          1448
      61.4873          1448
       61.495          1448
      61.5026          1448
      61.5079          1000
      70.3364          1448
       70.345          1448
      70.3624          1448
      70.3711          1448
      70.3798          1448
      70.3884          1448
      70.3971          1448
      70.4058          1448
      70.4145          1448
      70.4232          1448
      70.4319          1448
      70.5708         18824
      70.6229          8688
      70.7097         14480
       70.727          1448
      70.8398         11584
      70.8485          1448
      70.8658          1448
      70.8832          1448
      70.9006          1448
      70.9179          1448
      70.9337          1168
      70.9944          1448
      71.0031          1448
      71.0249          1448
      71.0511          1448
      71.0772          1448
      71.1034          1448
      71.2867          7240
      71.4437          4344
      71.6139          7240
      71.6794          1448
      71.6924          1448
      71.7186          1448
      71.7448          1448
       71.771          1448
      71.7972          1448
      71.8233          1448
      71.8495          1448
      71.8757          1448
      71.9019          1448
      71.9281          1448
      71.9542          1448
      71.9804          1448
      72.0066          1448
      72.0309          1448
      72.0532          1448
      72.0644          1448
      72.0756          1448
      72.0867          1448
      72.1203          1448
      72.1315          1448
      72.1538          1448
      72.1762          1448
      72.1985          1448
      72.2209          1448
      72.2432          1448
      72.2656          1448
      72.2879          1448
      72.4444         10136
      72.4891          1448
      72.5082          1000
      72.5752          1448
      72.5864          1448
      72.6088          1448
      72.6535          1448
      72.6646          1448
      72.7094          1448
      72.7205          1448
      72.7317          1448
      72.7652          1448
      72.7764          1448
      72.7876          1448
      72.7988          1448
      72.8435          1448
      72.8547          1448
       72.877          1448
      72.8882          1448
      72.9106          1448
      72.9217          1448
      72.9441          1448
      72.9553          1448
      72.9776          1448
      72.9888          1448
      73.0112          1448
      73.0229          1448
      73.0463          1448
       73.058          1448
      73.0814          1448
      73.0931          1448
      73.1165          1448
      73.1282          1448
      73.1516          1448
      73.1633          1448
      73.1867          1448
      73.1984          1448
      73.2218          1448
      73.2335          1448
      73.2569          1448
      73.2686          1448
       73.292          1448
      73.3154          1448
      73.3271          1448
      73.3388          1448
      73.3505          1448
      73.3856          1448
      73.3973          1448
      73.4207          1448
      73.4441          1448
      73.4675          1448
      73.4909          1448
      73.5143          1448
      73.5377          1448
      73.5611          1448
      74.6301          4064
      74.7017          1448
      74.9678          1448
      74.9781          1448
      75.0448          1448
      75.0538          1448
      75.0718          1448
      75.1168          1448
      75.1258          1448
      75.1438          1448
      75.1798          1448
      75.1888          1448
      75.2068          1448
      75.2248          1448
      75.2428          1448
      75.2608          1448
      75.2788          1448
      75.4228         10136
      75.5308          7240
      75.5668          1448
      75.5848          1448
      75.5938          1448
      75.6208          1448
      75.6478          1448
      75.6568          1448
      75.6838          1448
      75.6928          1448
      75.7198          1448
      75.7288          1448
      75.7468          1448
      75.7648          1448
      75.7828          1448
      75.8008          1448
      75.8188          1448
      75.8369          1448
      75.8549          1448
      75.8729          1448
      75.8909          1448
      75.9089          1448
      75.9269          1448
      75.9449          1448
      75.9629          1448
      75.9809          1448
      75.9989          1448
      76.0175          1448
      76.0367          1448
      76.0531          1000
       76.106          1448
      76.1156          1448
      76.1253          1448
      76.1349          1448
      76.1637          1448
       76.183          1448
      76.2022          1448
      76.2215          1448
      76.3754         11584
      76.4235          1448
      76.4427          1448
      76.4524          1448
      76.5101          1448
      76.5197          1448
      76.5774          1448
       76.587          1448
      76.6448          1448
      76.6544          1448
      76.6736          1448
      76.7121          1448
      76.7217          1448
       76.741          1448
      76.7602          1448
      76.7794          1448
      76.7891          1448
      76.8227          1448
       76.842          1448
      76.8612          1448
      76.8805          1448
      76.9093          1448
      76.9189          1448
      76.9478          1448
      76.9574          1448
      76.9767          1448
      76.9863          1448
      76.9959          1448
      77.0152          1448
      77.0243          1448
      77.0426          1448
      77.0518          1448
      77.0701          1448
      77.0792          1448
      77.0975          1448
      77.1067          1448
       77.125          1448
      77.1341          1448
      77.1524          1448
      77.1599          1168
      82.7694          1448
      82.7903          1448
      82.8321          1448
      83.2205          7240
      83.3871          5792
      83.4704          1448
      83.5105          1448
      83.5505          1448
      83.6307          1448
      83.6707          1448
      83.7108          1448
      83.7909          1448
      83.8309          1448
       83.871          1448
      84.1149          4344
      84.1472          5792
      84.1824          1448
      84.2067          1448
      84.2148          1448
       84.258          1448
      84.2661          1448
      84.3094          1448
      84.3175          1448
      84.3607          1448
      84.3688          1448
      84.4121          1448
      84.4202          1448
      84.4634          1448
      84.4715          1448
      84.5148          1448
      84.5229          1448
       84.531          1448
      84.5795          1448
      84.5876          1448
      84.5957          1448
      84.6199          1448
      84.6523          1448
      84.6603          1448
      84.6846          1448
      84.6927          1448
       84.725          1448
      84.7331          1448
      84.7574          1448
      84.7631          1000
      90.8274          1448
      90.8464          1448
      90.8653          1448
      90.8842          1448
      90.9126          1448
       90.922          1448
       90.941          1448
      90.9599          1448
      90.9788          1448
      90.9977          1448
      91.0183          1448
      91.0405          1448
      91.0626          1448
        91.24         10136
      91.2732          5792
      91.4063         10136
      91.4284          1448
      91.4506          1448
      91.4728          1448
      91.6279          7240
      91.7488          5792
      91.8032          1448
      91.8143          1448
      91.8253          1448
      91.8686          1448
      91.8797          1448
       91.923          1448
       91.934          1448
      91.9773          1448
      91.9884          1448
      91.9995          1448
      92.0494          1448
      92.0653          1168
       92.143          1448
      92.1625          1448
      92.2208          1448
      92.2597          1448
       92.493          8688
      92.5514          1448
      92.5902          1448
      92.6097          1448
      92.6875          1448
      92.7069          1448
      92.7847          1448
      92.8041          1448
      92.8819          1448
      92.9013          1448
      92.9791          1448
      92.9985          1448
      93.0318          1448
      93.0412          1448
      93.0971          1448
      93.1065          1448
      93.1498          1448
      93.1592          1448
      93.2119          1448
      93.2213          1448
       93.274          1448
      93.2835          1448
      93.3362          1448
      93.3456          1448
      93.3983          1448
      93.4077          1448
      93.4604          1448
      93.4698          1448
      93.5225          1448
      93.5319          1448
      93.5846          1448
       93.594          1448
      93.6467          1448
      93.6561          1448
      93.7088          1448
      93.7183          1448
       93.771          1448
      93.7804          1448
      93.8331          1448
      93.8425          1448
      93.8952          1448
      93.9046          1448
      93.9573          1448
      93.9667          1448
      94.0265          1448
       94.043          1448
      94.1042          1000
      94.1703          1448
      94.1869          1448
      94.2365          1448
      94.2695          1448
      94.3026          1448
      94.3522          1448
      94.3687          1448
      94.4348          1448
      94.4513          1448
      94.5174          1448
       94.534          1448
      94.6001          1448
      94.6166          1448
      94.6827          1448
      94.6992          1448
      94.7654          1448
      94.7819          1448
       94.848          1448
      94.8645          1448
      94.9306          1448
      94.9472          1448
      95.0133          1448
      95.0245          1448
      95.0804          1448
      95.0916          1448
      95.1461          1448
      95.1573          1448
      95.2005          1448
      95.2117          1448
      95.2229          1448
      95.2565          1448
      95.2676          1448
      95.2788          1448
        95.29          1448
      95.3348          1448
       95.346          1448
      95.3572          1448
      95.3907          1448
      95.4131          1448
      95.4355          1448
      95.4578          1448
      95.4802          1448
      95.5026          1448
       95.525          1448
      95.5473          1448
      95.5697          1448
      95.5921          1448
      95.6145          1448
      95.6369          1448
      95.6592          1448
      95.7914          6960
      95.8473          1448
      95.8585          1448
      95.8921          1448
      95.9257          1448
      95.9368          1448
      95.9928          1448
       96.004          1448
      96.0616          1448
      96.0732          1448
      96.0964          1448
      96.1313          1448
      96.1429          1448
      96.1661          1448
      96.1893          1448
      96.2125          1448
      96.2357          1448
       96.259          1448
      96.2822          1448
      96.3054          1448
      96.3286          1448
      96.3518          1448
      96.3751          1448
      96.3867          1448
      96.3983          1448
      96.4215          1448
      96.4563          1448
      96.4679          1448
      96.4795          1448
      96.4912          1448
       96.526          1448
      96.5376          1448
      96.5492          1448
      96.5608          1448
      96.5956          1448
      96.6073          1448
      96.6189          1448
      96.6305          1448
      96.6653          1448
      96.6885          1448
      96.7001          1448
       96.735          1448
      96.7582          1448
      96.7814          1448
      96.9398         10136
      96.9863          1448
      97.0095          1448
      97.0222          1448
      97.0855          1448
      97.0981          1448
      97.1577          1000
      102.213          1448
      102.226          1448
      102.253          1448
      102.279          1448
      102.306          1448
      102.333          1448
      102.359          1448
      102.386          1448
      102.573          7240
      102.627          5792
      102.787          8688
        102.8          1448
      102.827          1448
      102.867          1448
       102.88          1448
      102.907          1448
      102.934          1448
       102.96          1448
      103.124         10136
      103.377          5792
      103.448          1448
      103.461          1448
      103.475          1448
      103.544          1448
      103.558          1448
      103.626          1448
       103.64          1448
      103.654          1448
      103.709          1448
      103.722          1448
       103.75          1448
      103.777          1448
      103.805          1448
       103.83          1168
      105.316          1448
      105.351          1448
      105.386          1448
      105.421          1448
      105.456          1448
      105.491          1448
      105.526          1448
      105.772         10136
      105.824          1448
      105.859          1448
      105.877          1448
      105.947          1448
      105.964          1448
      106.028          1448
       106.04          1448
      106.062          1448
      106.096          1448
      106.108          1448
       106.13          1448
      106.153          1448
      106.176          1448
      106.198          1448
      106.221          1448
      106.244          1448
      106.266          1448
      106.289          1448
      106.312          1448
      106.334          1448
      106.357          1448
       106.38          1448
      106.402          1448
      106.425          1448
      106.436          1448
      106.448          1448
       106.47          1448
      106.504          1448
      106.516          1448
      106.527          1448
      106.538          1448
      106.572          1448
      106.584          1448
      106.595          1448
      106.606          1448
       106.64          1448
      106.652          1448
      106.663          1448
      106.674          1448
      106.708          1448
      106.731          1448
      106.739          1000
      109.261          1448
      109.283          1448
      109.328          1448
      109.598          5792
       109.73          2896
      109.861          5792
      109.927          1448
       109.95          1448
      109.972          1448
      110.015          1448
      110.035          1448
      110.055          1448
      110.078          1448
      110.098          1448
      110.118          1448
      110.138          1448
      110.161          1448
      110.181          1448
      110.201          1448
      110.221          1448
      110.244          1448
      110.264          1448
      110.284          1448
      110.304          1448
      110.324          1448
      110.343          1448
      110.363          1448
      110.383          1448
      110.403          1448
      110.423          1448
      110.443          1448
      110.462          1448
      110.482          1448
      110.502          1448
      110.522          1448
      110.542          1448
      110.562          1448
      110.581          1448
      110.601          1448
      110.621          1448
      110.641          1448
      110.661          1448
       110.68          1448
        110.7          1448
       110.74          1448
       110.76          1448
       110.78          1448
      110.796          1168
      118.279          1448
      118.285          1448
      118.291          1448
       118.31          1448
      118.322          1448
      118.334          1448
      118.347          1448
      118.359          1448
      118.371          1448
      118.384          1448
      118.396          1448
      118.408          1448
      118.421          1448
      118.433          1448
      118.445          1448
      118.599         14480
      118.649         11584
      118.655          1448
      118.661          1448
      118.667          1448
      118.673          1448
      118.692          1448
      118.704          1448
      118.717          1448
      118.723          1448
      118.729          1448
      118.735          1448
      118.741          1448
       118.76          1448
      118.766          1448
      118.784          1448
      118.797          1448
      118.803          1448
      118.809          1448
      118.828          1448
      118.834          1448
      118.852          1448
      118.858          1448
      118.865          1448
      118.869          1000
      122.443          1448
      122.451          1448
      122.468          1448
      122.486          1448
      122.503          1448
       122.52          1448
      122.537          1448
      122.733         10136
      122.759          5792
      122.853         11584
       122.87          1448
      122.887          1448
      123.053          7240
      123.073          7240
      123.133          1448
      123.153          1448
      123.193          1448
      123.233          1448
      123.473          8688
      123.803          5792
      123.903          1448
      123.923          1448
       123.96          1168
      128.118          1448
      128.124          1448
       128.13          1448
      128.136          1448
      128.176          1448
      128.182          1448
      128.188          1448
      128.194          1448
        128.2          1448
      128.217          1448
       128.24          1448
      128.246          1448
      128.258          1448
      128.263          1448
      128.281          1448
      128.293          1448
      128.304          1448
      128.316          1448
      128.327          1448
      128.339          1448
      130.282         51680
      130.333          1448
       130.59          1448
      130.607          1448
      130.674          1448
      130.683          1448
      130.699          1448
      130.716          1448
       130.75          1448
      130.758          1448
      130.775          1448
      130.791          1448
      130.808          1448
      130.825          1448
      130.842          1448
      130.858          1448
      130.875          1448
      130.993         13032
      131.011          1448
      131.031          1448
      131.051          1448
      131.061          1448
      131.084          1448
      131.094          1448
      131.124          1448
      131.134          1448
      131.154          1448
      131.164          1448
      131.193          1448
      131.213          1448
      131.233          1448
      131.253          1448
      131.273          1448
      131.293          1448
      131.313          1448
      131.333          1448
      131.353          1448
      131.373          1448
      131.393          1448
      131.413          1448
      131.433          1448
      131.453          1448
      131.472          1448
      131.492          1448
      131.512          1448
      131.532          1448
      131.552          1448
       131.57          1168
      135.523          1448
      135.542          1448
      135.561          1448
      135.579          1448
      135.598          1448
      135.617          1448
      135.636          1448
      135.806         10136
      135.892          4344
      135.983          8688
      136.025          1448
      136.032          1448
      136.039          1448
      136.046          1448
      136.066          1448
      136.087          1448
      136.094          1448
      136.101          1448
      136.108          1448
      136.143          1448
       136.15          1448
      136.157          1448
      136.164          1448
      136.171          1448
      136.206          1448
      136.213          1448
       136.22          1448
      136.226          1448
      136.233          1448
      136.254          1448
      136.275          1448
      136.282          1448
      136.296          1448
       136.31          1448
      136.324          1448
      136.338          1448
      136.352          1448
      136.366          1448
       136.38          1448
      136.393          1448
      136.407          1448
      136.421          1448
      136.433          1000
       138.03          1448
      138.054          1448
      138.077          1448
        138.1          1448
      138.123          1448
      138.147          1448
      138.344          8688
      138.387          4344
      138.465          8688
      138.497          1448
      138.509          1448
       138.52          1448
      138.532          1448
      138.543          1448
      138.578          1448
      138.601          1448
      138.613          1448
      138.625          1448
       138.66          1448
      138.683          1448
      138.694          1448
      138.729          1448
      138.752          1448
      138.915          5792
       138.95          5792
      139.088          7240
      139.119          1448
      139.138          1448
      139.144          1448
       139.15          1448
      139.187          1448
      139.193          1448
      139.198          1168
       140.79          1448
      140.802          1448
      140.826          1448
       140.85          1448
      140.873          1448
      141.028         10136
      141.065          1448
      141.077          1448
      141.084          1448
      141.127          1448
      141.133          1448
      141.176          1448
      141.182          1448
      141.226          1448
      141.232          1448
      141.275          1448
      141.281          1448
      141.287          1448
      141.324          1448
       141.33          1448
      141.337          1448
      141.343          1448
       141.38          1448
      141.386          1448
      141.392          1448
      141.398          1448
      141.435          1448
      141.441          1448
      141.448          1448
      141.454          1448
      141.491          1448
      141.497          1448
      141.503          1448
      141.509          1448
      141.546          1448
      141.553          1448
      141.559          1448
      141.565          1448
      141.602          1448
      141.608          1448
      141.614          1448
       141.62          1448
      141.626          1448
      141.663          1448
      141.669          1448
      141.675          1448
      141.681          1448
      141.712          1448
      141.719          1448
      141.723          1000
      141.772          1448
      141.778          1448
      141.785          1448
      141.791          1448
      141.809          1448
      141.828          1448
      141.834          1448
       141.84          1448
      141.846          1448
      141.877          1448
      141.883          1448
      141.889          1448
      141.896          1448
      141.927          1448
      141.933          1448
      141.939          1448
      141.945          1448
      141.976          1448
      141.982          1448
      141.988          1448
      141.994          1448
      142.038          1448
      142.046          1448
      142.055          1448
       142.08          1448
      142.105          1448
      142.114          1448
      142.131          1448
      142.147          1448
      142.173          1448
      142.181          1448
      142.198          1448
      142.215          1448
       142.24          1448
      142.248          1448
      142.265          1448
      142.282          1448
      142.307          1448
      142.316          1448
      142.324          1448
      142.333          1448
      142.367          1448
      142.376          1448
      142.384          1448
      142.393          1448
      142.419          1448
      142.428          1448
      142.436          1448
      142.444          1448
      142.471          1448
      142.479          1448
      142.488          1448
      142.496          1448
      142.531          1448
      142.538          1168
      142.591          1448
      142.599          1448
      142.608          1448
      142.616          1448
      142.625          1448
      142.667          1448
      142.675          1448
      142.684          1448
      142.692          1448
      142.734          1448
      142.743          1448
      142.751          1448
      142.759          1448
      142.802          1448
       142.81          1448
      142.827          1448
      142.835          1448
      142.869          1448
      142.877          1448
      142.894          1448
      142.903          1448
      142.936          1448
      142.945          1448
      142.962          1448
       142.97          1448
      143.004          1448
      143.012          1448
      143.034          1448
      143.056          1448
      143.077          1448
      143.099          1448
      143.121          1448
      143.142          1448
      143.164          1448
      143.316         10136
      143.349          1448
       143.37          1448
      143.381          1448
      143.425          1448
      143.435          1448
      143.479          1448
       143.49          1448
      143.544          1448
      143.565          1448
      143.609          1448
       143.62          1448
       143.63          1448
      143.663          1448
      143.674          1448
      143.681          1000
      143.743          1448
      143.754          1448
      143.765          1448
      143.798          1448
      143.819          1448
      143.841          1448
      143.863          1448
      143.884          1448
      143.906          1448
      143.928          1448
       143.95          1448
      143.971          1448
      143.993          1448
      144.015          1448
      144.095          1448
      144.495          4344
      144.662          1448
      144.785          5792
      144.826          1448
      144.946          1448
      144.986          1448
      145.068          1448
      145.089          1448
      145.172          1448
      145.193          1448
      145.235          1448
      145.277          1448
      145.318          1448
       145.36          1448
      145.402          1448
      145.444          1448
      145.486          1448
      145.527          1448
      145.569          1448
      145.611          1448
      145.904         10136
      145.966          1448
      146.008          1448
      146.048          1448
      146.168          1448
      146.208          1448
      146.328          1448
      146.368          1448
      146.441          1168
      146.561          1448
      146.601          1448
      146.641          1448
       147.05         10136
      147.066          1448
       147.11          1448
      147.126          1448
      147.161          1448
      147.169          1448
       147.22          1448
      147.229          1448
       147.28          1448
      147.288          1448
      147.339          1448
      147.348          1448
      147.356          1448
      147.399          1448
      147.407          1448
      147.415          1448
      147.423          1448
      147.464          1448
      147.472          1448
       147.48          1448
      147.488          1448
      147.529          1448
      147.537          1448
      147.545          1448
      147.553          1448
      147.594          1448
      147.602          1448
       147.61          1448
      147.618          1448
      147.659          1448
      147.667          1448
      147.675          1448
      147.683          1448
      147.691          1448
      147.732          1448
       147.74          1448
      147.748          1448
      147.756          1448
      147.797          1448
      147.805          1448
      147.813          1448
      147.821          1448
      147.862          1448
       147.87          1448
      147.878          1448
      147.886          1448
      147.925          1000
      147.987          1448
      147.995          1448
      148.003          1448
      148.011          1448
      148.029          1448
      148.083          1448
      148.119          1448
      148.155          1448
       148.37          8688
      148.729          5792
      148.819          1448
      148.837          1448
      148.873          1448
      148.927          1448
      148.945          1448
      148.981          1448
      149.017          1448
      149.097          1448
      149.177          1448
      149.257          1448
      149.658          5792
      149.908          5792
