Segment_Index Rep_Level Decision_Point_Of_Time Case DelayCase
            0         0                2.04241    0         0
            1         0                 2.5526    1         0
            2         0                3.08921    1         0
            3         0                3.60034    1         0
            4         0                 4.0942    4         0
            5         1                4.49594    4         0
            6         1                5.24686    4         0
            7         2                5.93362    4         0
            8         0                  6.831   12        13
            9         2                11.6435    4         0
           10         2                12.4916    4         0
           11         3                13.2303    4         0
           12         4                14.5511    2         1
           13         1                25.2659   11         0
           14         1                28.2611   11         0
           15         1                30.4404   11         0
           16         1                33.3317   14         0
           17         1                35.4944   12         0
           18         1                37.2895   12         0
           19         0                39.0019   15        15
           20         1                46.1787    4         0
           21         2                  46.37    4         0
           22         3                46.5827    4         0
           23         4                47.2015    2         1
           24         3                51.2818    4         0
           25         4                51.7725    2         1
           26         0                70.5365   14         0
           27         1                71.9209   14         0
           28         0                75.2475   15        15
           29         0                84.8785   10         0
           30         0                85.9457   10         0
           31         0                87.2858   10         0
           32         0                88.4379    4         0
           33         1                89.7632    4         0
           34         0                92.3151   12         0
           35         0                93.7494   12        13
           36         0                106.375   10         0
           37         0                107.815   10         0
           38         0                110.233    1         0
           39         0                111.846   10         0
           40         0                113.119   12        13
           41         0                114.488   12        13
           42         0                122.936   10         0
           43         0                124.978   12        13
           44         0                127.446   12        13
           45         0                128.224   15        15
           46         0                138.683   10         0
           47         0                139.602   14         0
           48         0                140.698   14         0
           49         1                141.584   14         0
           50         0                143.609   12        13
           51         0                 147.35   12        13
