    WinStart       WinEnd Samples_Number      Min      Max       Mean
        1.75          2.1        1       29       29         29
         2.1         2.45       46       37      138    93.3913
        2.45          2.8       36       26       77    50.0278
         2.8         3.15       38       26       45    35.2368
        3.15          3.5       42       26       88    47.4286
         3.5         3.85       36       25       56    32.0556
        3.85          4.2       40       25       73      34.75
         4.2         4.55       48       25       30    27.9375
        4.55          4.9       54       26       66    30.3519
         4.9         5.25       58       24       30    25.9483
        5.25          5.6       56       24       44    26.3214
         5.6         5.95       56       24       26    24.9821
        5.95          6.3       56       24       54    26.4107
         6.3         6.65       60       24       25       24.5
        6.65            7       32       22       29    24.5625
           7         7.35        0        0        0          0
        7.35          7.7        0        0        0          0
         7.7         8.05        0        0        0          0
        8.05          8.4        0        0        0          0
         8.4         8.75        0        0        0          0
        8.75          9.1        0        0        0          0
         9.1         9.45        0        0        0          0
        9.45          9.8        0        0        0          0
         9.8        10.15        0        0        0          0
       10.15         10.5        0        0        0          0
        10.5        10.85        0        0        0          0
       10.85         11.2        0        0        0          0
        11.2        11.55       37       24       74         41
       11.55         11.9       53       24       91    44.9623
        11.9        12.25       69       24       52    34.1594
       12.25         12.6       59       24       69    37.3559
        12.6        12.95       71       24       36    31.2958
       12.95         13.3       74       24       41    27.4189
        13.3        13.65       78       24       63    31.6282
       13.65           14       75       28       38    31.8933
          14        14.35       72       31       36    33.4861
       14.35         14.7       43       31       36    33.5349
        14.7        15.05        0        0        0          0
       15.05         15.4        0        0        0          0
        15.4        15.75        0        0        0          0
       15.75         16.1        0        0        0          0
        16.1        16.45        0        0        0          0
       16.45         16.8        0        0        0          0
        16.8        17.15        0        0        0          0
       17.15         17.5        0        0        0          0
        17.5        17.85       31       29      121    85.5484
       17.85         18.2       45       26      108    44.3333
        18.2        18.55       34       25       44    30.9706
       18.55         18.9       40       25       40     28.475
        18.9        19.25       46       23       33    25.6957
       19.25         19.6       46       23       25         24
        19.6        19.95       48       23       25         24
       19.95         20.3       21       23      120    62.2381
        20.3        20.65       16       32       80      51.75
       20.65           21       17       59      100    74.9412
          21        21.35       18       29       76    41.7222
       21.35         21.7       23       29       42    32.4348
        21.7        22.05       25       26       47      36.76
       22.05         22.4       32       25       28       26.5
        22.4        22.75       28       25       28       26.5
       22.75         23.1       31       25       39    27.7419
        23.1        23.45       29       28       34    31.1034
       23.45         23.8       28       28       34         31
        23.8        24.15       24       28       54     35.375
       24.15         24.5       22       45       79    51.4091
        24.5        24.85       19       30       79    53.6316
       24.85         25.2       20       30       58       44.7
        25.2        25.55       16       32      101     65.125
       25.55         25.9       17       32       98    68.1176
        25.9        26.25       16       31       54    42.0625
       26.25         26.6       19       45       92    62.0526
        26.6        26.95       17       54       92    69.6471
       26.95         27.3       15       31       78    43.8667
        27.3        27.65       16       45       89     62.875
       27.65           28       13       33       67    42.6923
          28        28.35       23       26       44    30.3478
       28.35         28.7       28       26       31       28.5
        28.7        29.05       24       26       31       28.5
       29.05         29.4       20       44       63      49.95
        29.4        29.75       18       44       54         49
       29.75         30.1       22       25       54    41.1818
        30.1        30.45       28       25       28    26.4643
       30.45         30.8       29       25       35    27.3103
        30.8        31.15       23       25       68    34.4348
       31.15         31.5       12       33       90       69.5
        31.5        31.85       14       33       79    49.2857
       31.85         32.2       15       46       94       64.8
        32.2        32.55       14       33       71         49
       32.55         32.9       14       33       83    49.7857
        32.9        33.25       21       28       71    41.1429
       33.25         33.6       24       28       52      32.75
        33.6        33.95       26       28       34         31
       33.95         34.3       16       28       97    52.6875
        34.3        34.65       15       50       73    60.7333
       34.65           35       15       50       73    62.2667
          35        35.35       26       26       50    29.6923
       35.35         35.7       30       22       45    29.7667
        35.7        36.05       37       26       43    29.3784
       36.05         36.4       22       30       96    58.5909
        36.4        36.75       21       39       88    54.4762
       36.75         37.1       18       44       79    62.6111
        37.1        37.45       17       33       87    51.4706
       37.45         37.8       17       44       87    60.1176
        37.8        38.15       20       23       76      37.05
       38.15         38.5       33       23       25    23.6061
        38.5        38.85       32       23       24       23.5
       38.85         39.2       14       23       24    23.4286
        39.2        39.55        0        0        0          0
       39.55         39.9        0        0        0          0
        39.9        40.25        0        0        0          0
       40.25         40.6        0        0        0          0
        40.6        40.95        0        0        0          0
       40.95         41.3        0        0        0          0
        41.3        41.65        0        0        0          0
       41.65           42        0        0        0          0
          42        42.35        0        0        0          0
       42.35         42.7        0        0        0          0
        42.7        43.05        0        0        0          0
       43.05         43.4        0        0        0          0
        43.4        43.75        0        0        0          0
       43.75         44.1        0        0        0          0
        44.1        44.45        0        0        0          0
       44.45         44.8        0        0        0          0
        44.8        45.15        0        0        0          0
       45.15         45.5        0        0        0          0
        45.5        45.85        0        0        0          0
       45.85         46.2       55       22       33    25.6727
        46.2        46.55      268       22      121    55.3955
       46.55         46.9      167       22       95    31.0958
        46.9        47.25      148       22      109    44.0743
       47.25         47.6        0        0        0          0
        47.6        47.95        0        0        0          0
       47.95         48.3        0        0        0          0
        48.3        48.65        0        0        0          0
       48.65           49        0        0        0          0
          49        49.35        0        0        0          0
       49.35         49.7        0        0        0          0
        49.7        50.05        0        0        0          0
       50.05         50.4       69       23       46    34.0145
        50.4        50.75      185       23       41    29.2811
       50.75         51.1      204       22       25     23.348
        51.1        51.45      206       22       56    25.1408
       51.45         51.8      220       22       26    23.1273
        51.8        52.15        0        0        0          0
       52.15         52.5        0        0        0          0
        52.5        52.85        0        0        0          0
       52.85         53.2        0        0        0          0
        53.2        53.55        0        0        0          0
       53.55         53.9        0        0        0          0
        53.9        54.25        0        0        0          0
       54.25         54.6        0        0        0          0
        54.6        54.95        8       36      151     95.375
       54.95         55.3       22      180      451    327.727
        55.3        55.65       23      156      405    269.609
       55.65           56       16       54      168     89.125
          56        56.35       12       52       67    62.4167
       56.35         56.7       11       52      185    95.7273
        56.7        57.05       17      215      447    325.412
       57.05         57.4       17      103      457    254.882
        57.4        57.75       14       41       53    49.9286
       57.75         58.1       13       34      250    158.308
        58.1        58.45        6       91      213    139.833
       58.45         58.8        8       63       91       73.5
        58.8        59.15        6       53       91       80.5
       59.15         59.5        6       37       53       44.5
        59.5        59.85       10       37      128       76.2
       59.85         60.2       21       43      176    101.476
        60.2        60.55       27       34       80    49.6667
       60.55         60.9       26       34       71    44.0769
        60.9        61.25       32       32       71    40.3438
       61.25         61.6       35       32       39       35.4
        61.6        61.95       33       32       47    36.0606
       61.95         62.3       21       39       89    61.5238
        62.3        62.65        7       31       71    43.1429
       62.65           63       20       31       71      48.05
          63        63.35       16       40      100         61
       63.35         63.7       13       34      100    68.1538
        63.7        64.05       17       39      116    55.4118
       64.05         64.4       10       57      105       83.3
        64.4        64.75       10       57      105       68.2
       64.75         65.1       11       73      105    88.9091
        65.1        65.45       12       72      104         88
       65.45         65.8       11       72      104    86.5455
        65.8        66.15       12       49      104    79.6667
       66.15         66.5       15       49       73       61.8
        66.5        66.85       15       49       73       60.2
       66.85         67.2       19       37       73    48.1053
        67.2        67.55       15       48       95       65.8
       67.55         67.9       14       33       71       56.5
        67.9        68.25       17       43       83         55
       68.25         68.6       19       32       82    60.2105
        68.6        68.95       17       58       78    68.5882
       68.95         69.3       19       54       78    64.3684
        69.3        69.65       18       54       73       63.5
       69.65           70       19       54       73         64
          70        70.35       20       48       71       57.4
       70.35         70.7       17       40      109    60.8235
        70.7        71.05       20       48       91       59.1
       71.05         71.4       11       35      109    80.6364
        71.4        71.75       12       35       74    53.1667
       71.75         72.1       12       57      137    85.1667
        72.1        72.45       14       33       68    49.9286
       72.45         72.8       15       33       79       49.2
        72.8        73.15       16       33       80    56.9375
       73.15         73.5       14       49       72       60.5
        73.5        73.85       15       49       72    59.7333
       73.85         74.2       17       40       72    56.4118
        74.2        74.55       17       50       60    54.7059
       74.55         74.9       17       50       60    55.2941
        74.9        75.25       19       38       60    48.6316
       75.25         75.6        0        0        0          0
        75.6        75.95        0        0        0          0
       75.95         76.3        0        0        0          0
        76.3        76.65        0        0        0          0
       76.65           77        0        0        0          0
          77        77.35        0        0        0          0
       77.35         77.7        0        0        0          0
        77.7        78.05        0        0        0          0
       78.05         78.4        0        0        0          0
        78.4        78.75        0        0        0          0
       78.75         79.1        0        0        0          0
        79.1        79.45        0        0        0          0
       79.45         79.8        0        0        0          0
        79.8        80.15        0        0        0          0
       80.15         80.5        0        0        0          0
        80.5        80.85        0        0        0          0
       80.85         81.2        0        0        0          0
        81.2        81.55        0        0        0          0
       81.55         81.9        0        0        0          0
        81.9        82.25        0        0        0          0
       82.25         82.6        0        0        0          0
        82.6        82.95        0        0        0          0
       82.95         83.3        3      131      251    184.333
        83.3        83.65        5       62      331      170.8
       83.65           84        2      102      139      120.5
          84        84.35       12       35      107    51.4167
       84.35         84.7       22       35       67    44.8182
        84.7        85.05       20       30      103      58.85
       85.05         85.4       16       31       67    50.3125
        85.4        85.75       19       31       67    47.5789
       85.75         86.1       18       31      127    63.1667
        86.1        86.45       11       33       91         65
       86.45         86.8       13       33       69    47.8462
        86.8        87.15       18       32       91    63.2222
       87.15         87.5       16       43      143     71.875
        87.5        87.85       13       38       77         58
       87.85         88.2       19       37       77    52.5263
        88.2        88.55       19       32       74    57.4737
       88.55         88.9       19       30      107    56.4211
        88.9        89.25       14       30       98    56.6429
       89.25         89.6       14       35      111    66.2143
        89.6        89.95       11       45       85    63.6364
       89.95         90.3       16       45       83     54.375
        90.3        90.65       19       31       64    47.9474
       90.65           91       19       45       54    49.7368
          91        91.35       16       45       67      55.75
       91.35         91.7       18       34       78    45.6111
        91.7        92.05       15       45       67    55.2667
       92.05         92.4        9       49      134         97
        92.4        92.75       10       68      153      110.5
       92.75         93.1       11       35      153    90.9091
        93.1        93.45       17       44       73    49.8235
       93.45         93.8       17       44       73    57.6471
        93.8        94.15        0        0        0          0
       94.15         94.5        0        0        0          0
        94.5        94.85        0        0        0          0
       94.85         95.2        0        0        0          0
        95.2        95.55        0        0        0          0
       95.55         95.9        0        0        0          0
        95.9        96.25        0        0        0          0
       96.25         96.6        0        0        0          0
        96.6        96.95        0        0        0          0
       96.95         97.3        0        0        0          0
        97.3        97.65        0        0        0          0
       97.65           98        0        0        0          0
          98        98.35        0        0        0          0
       98.35         98.7        0        0        0          0
        98.7        99.05        0        0        0          0
       99.05         99.4        0        0        0          0
        99.4        99.75        0        0        0          0
       99.75        100.1        0        0        0          0
       100.1       100.45        0        0        0          0
      100.45        100.8        0        0        0          0
       100.8       101.15        0        0        0          0
      101.15        101.5        0        0        0          0
       101.5       101.85        0        0        0          0
      101.85        102.2        0        0        0          0
       102.2       102.55        0        0        0          0
      102.55        102.9        0        0        0          0
       102.9       103.25        0        0        0          0
      103.25        103.6        0        0        0          0
       103.6       103.95        0        0        0          0
      103.95        104.3        0        0        0          0
       104.3       104.65        5      139      302      205.2
      104.65          105        5       62      219      171.6
         105       105.35       10       39      119       68.1
      105.35        105.7       13       66      119    91.8462
       105.7       106.05       13       66      154    100.692
      106.05        106.4        9       44       93    64.7778
       106.4       106.75       14       46       92         60
      106.75        107.1       19       46       92    64.1053
       107.1       107.45       13       33      125    79.7692
      107.45        107.8        9       35       80    49.7778
       107.8       108.15       15       33      104    64.0667
      108.15        108.5       13       33       73    54.5385
       108.5       108.85       13       33       85    54.8462
      108.85        109.2       11       49      148    77.7273
       109.2       109.55        3       68      113    96.6667
      109.55        109.9        0        0        0          0
       109.9       110.25        1       42       42         42
      110.25        110.6        3       42       73         56
       110.6       110.95        8       78      137    102.375
      110.95        111.3       17       41      157    77.8824
       111.3       111.65       20       45       92       62.7
      111.65          112       14       28       67    41.7143
         112       112.35       16       45       89    63.0625
      112.35        112.7       14       33       67    50.7857
       112.7       113.05       15       44       78    56.4667
      113.05        113.4       16       32      108    67.0625
       113.4       113.75       16       64       86         75
      113.75        114.1       15       64      110    78.6667
       114.1       114.45       12       40      129    84.5833
      114.45        114.8        1       36       36         36
       114.8       115.15        0        0        0          0
      115.15        115.5        0        0        0          0
       115.5       115.85        0        0        0          0
      115.85        116.2        0        0        0          0
       116.2       116.55        0        0        0          0
      116.55        116.9        0        0        0          0
       116.9       117.25        0        0        0          0
      117.25        117.6        0        0        0          0
       117.6       117.95        0        0        0          0
      117.95        118.3        0        0        0          0
       118.3       118.65        0        0        0          0
      118.65          119        0        0        0          0
         119       119.35        0        0        0          0
      119.35        119.7        0        0        0          0
       119.7       120.05        0        0        0          0
      120.05        120.4        0        0        0          0
       120.4       120.75        0        0        0          0
      120.75        121.1        0        0        0          0
       121.1       121.45        0        0        0          0
      121.45        121.8        0        0        0          0
       121.8       122.15        6       30       47    38.6667
      122.15        122.5       23       30      149    85.8696
       122.5       122.85       22       47      132    73.8636
      122.85        123.2       11       44      139    72.9091
       123.2       123.55        7       42      139         86
      123.55        123.9        8       42       99         68
       123.9       124.25       10       62      139       95.5
      124.25        124.6       14       62       83       72.5
       124.6       124.95       10       83      167      101.9
      124.95        125.3        4      108      268     168.75
       125.3       125.65        4      139      219        159
      125.65          126        5       62      102         70
         126       126.35        7       77      182    122.143
      126.35        126.7        6       77      176      118.5
       126.7       127.05        7       46      113    67.1429
      127.05        127.4       20       28       39       30.8
       127.4       127.75       23       28       45    31.5652
      127.75        128.1       25       28       33       30.4
       128.1       128.45       11       28       33    30.6364
      128.45        128.8        0        0        0          0
       128.8       129.15        0        0        0          0
      129.15        129.5        0        0        0          0
       129.5       129.85        0        0        0          0
      129.85        130.2        0        0        0          0
       130.2       130.55        0        0        0          0
      130.55        130.9        0        0        0          0
       130.9       131.25        0        0        0          0
      131.25        131.6        0        0        0          0
       131.6       131.95        0        0        0          0
      131.95        132.3        0        0        0          0
       132.3       132.65        0        0        0          0
      132.65          133        0        0        0          0
         133       133.35        0        0        0          0
      133.35        133.7        0        0        0          0
       133.7       134.05        0        0        0          0
      134.05        134.4        0        0        0          0
       134.4       134.75        0        0        0          0
      134.75        135.1        0        0        0          0
       135.1       135.45        0        0        0          0
      135.45        135.8        0        0        0          0
       135.8       136.15        0        0        0          0
      136.15        136.5        0        0        0          0
       136.5       136.85        0        0        0          0
      136.85        137.2        0        0        0          0
       137.2       137.55       12       46      113       82.5
      137.55        137.9       16       33      135     71.375
       137.9       138.25       14       33       95    69.9286
      138.25        138.6        9       36       71    52.7778
       138.6       138.95       14       33       91    60.2143
      138.95        139.3       23       34       71    41.6087
       139.3       139.65       23       32       40    36.7826
      139.65          140       27       28       61    38.1852
         140       140.35       16       34       97      60.25
      140.35        140.7       12       38       73      58.25
       140.7       141.05       15       38       97         60
      141.05        141.4       26       28       46    36.2308
       141.4       141.75       24       26       72    37.3333
      141.75        142.1       22       40       60    44.6818
       142.1       142.45       22       37       63    47.3636
      142.45        142.8       21       46       54    49.8095
       142.8       143.15       24       30       65      40.75
      143.15        143.5       14       33       87    59.1429
       143.5       143.85        6       44       76    55.6667
      143.85        144.2        0        0        0          0
       144.2       144.55        0        0        0          0
      144.55        144.9        0        0        0          0
       144.9       145.25        2       77       97         87
      145.25        145.6        8      104      187    144.125
       145.6       145.95       13       43      125         68
      145.95        146.3        5       83      241      138.4
       146.3       146.65        5      139      219        203
      146.65          147        5       62      219      101.4
         147       147.35       17       30      142    44.2353
