Segment_Index Download_Request_Sent Download_Start Download_End Segment_Size Download_OK
            0               2.04241        2.09319       2.5526        80640           Y
            1                2.5526         2.5997      3.08921        79360           Y
            2               3.08921        3.13665      3.60034        80640           Y
            3               3.60034        3.64902       4.0942        79360           Y
            4                4.0942        4.14114      4.49594        80640           Y
            5               4.49594        4.54291      5.24686       164342           Y
            6               5.24686        5.29243      5.93362       161559           Y
            7               5.93362         5.9792        6.831       213280           Y
            8                11.331        11.3767      11.6435        80640           Y
            9               11.6435        11.6893      12.4916       213280           Y
           10               12.4916        12.5375      13.2303       216720           Y
           11               13.2303        13.2767      14.5511       398948           Y
           12               17.5511        17.6017      25.2659       934841           Y
           13               25.2659        25.3192      28.2611       209203           Y
           14               28.2611         28.309      30.4404       207920           Y
           15               30.4404         30.487      33.3317       215795           Y
           16               33.3317        33.3869      35.4944       184037           Y
           17               35.4944        35.5452      37.2895       178700           Y
           18               37.2895        37.3436      39.0019       177196           Y
           19               45.9326        45.9772      46.1787        79360           Y
           20               46.1787        46.2237        46.37       194556           Y
           21                 46.37        46.4141      46.5827       213280           Y
           22               46.5827        46.6268      47.2015       430329           Y
           23               50.2015        50.2464      51.2818       832191           Y
           24               51.2818        51.3259      51.7725       446985           Y
           25               54.7725        54.8301      70.5365      1072824           Y
           26               70.5365         70.598      71.9209        80640           Y
           27               71.9209        71.9995      75.2475       215156           Y
           28               82.9949        83.1472      84.8785        80640           Y
           29               84.8785        84.9299      85.9457        79360           Y
           30               85.9457        85.9978      87.2858        80640           Y
           31               87.2858        87.3517      88.4379        79360           Y
           32               88.4379        88.4911      89.7632        80640           Y
           33               89.7632        89.8295      92.3151       168817           Y
           34               92.3151        92.3855      93.7494        80640           Y
           35               104.249        104.412      106.375        79360           Y
           36               106.375        106.443      107.815        80640           Y
           37               107.815        107.873      110.233        79360           Y
           38               110.233        110.296      111.846        80640           Y
           39               111.846        111.905      113.119        79360           Y
           40               113.119        113.173      114.488        80640           Y
           41               121.988         122.04      122.936        79360           Y
           42               122.936        123.003      124.978        80640           Y
           43               124.978        125.108      127.446        79360           Y
           44               127.446        127.495      128.224        80640           Y
           45               137.224        137.299      138.683        79360           Y
           46               138.683        138.738      139.602        80640           Y
           47               139.602        139.659      140.698        79360           Y
           48               140.698        140.757      141.584        80640           Y
           49               141.584        141.641      143.609       170334           Y
           50               145.109        145.207       147.35        80640           Y
