Segment_Index Playback_Start Quality_Level
            0         3.2526             0
            1         6.2526             0
            2         9.2526             0
            3        12.2526             0
            4        15.2526             0
            5        18.2526             1
            6        21.2526             1
            7        24.2526             2
            8        27.2526             0
            9        30.2526             2
           10        33.2526             2
           11        36.2526             3
           12        39.2526             4
           13        42.2526             1
           14        45.2526             1
           15        48.2526             1
           16        51.2526             1
           17        54.2526             1
           18        57.2526             1
           19        60.2526             0
           20        63.2526             1
           21        66.2526             2
           22        69.2526             3
           23        72.2526             4
           24        75.2526             3
           25        78.2526             4
           26        81.2526             0
           27        84.2526             1
           28        87.2526             0
           29        90.2526             0
           30        93.2526             0
           31        96.2526             0
           32        99.2526             0
           33        102.253             1
           34        105.253             0
           35        108.253             0
           36        111.253             0
           37        114.653             0
           38        117.853             0
           39        120.853             0
           40        125.053             0
           41        131.053             0
           42        134.053             0
           43        137.053             0
           44        140.053             0
           45        143.053             0
           46        146.053             0
