Segment_Index Rep_Level Decision_Point_Of_Time Case DelayCase
            0         0                2.04226    0         0
            1         0                3.21999    1         0
            2         0                5.41539    1         0
            3         0                 7.1732   10         0
            4         0                8.13761   10         0
            5         0                 8.6387   11         0
            6         1                9.00212   11         0
            7         1                10.9811    4         0
            8         1                13.4281    4         0
            9         1                14.6488    4         0
           10         1                  15.97    4         0
           11         2                17.3828    4         0
           12         1                 22.589   11         0
           13         1                 30.016   11         0
           14         0                36.3468   10         0
           15         0                 39.314   10         0
           16         0                40.8158    4         0
           17         0                 43.199    4         0
           18         1                44.4601    4         0
           19         1                45.5823    4         0
           20         1                46.6241    4         0
           21         1                48.3665    4         0
           22         2                49.4445    4         0
           23         3                50.5735    4         0
           24         0                68.4422   10         0
           25         0                72.7757   10         0
           26         0                76.0206   10         0
           27         0                 77.578   10         0
           28         0                79.3109    1         0
           29         0                83.5957   10         0
           30         0                87.0758   10         0
           31         0                 90.336    1         0
           32         0                94.2595   10         0
           33         0                96.6853   10         0
           34         0                99.0835    1         0
           35         0                101.059    1         0
           36         0                103.612    1         0
           37         0                107.949   10         0
           38         0                114.586   10         0
           39         0                117.823   10         0
           40         0                120.115    1         0
           41         0                124.963   10         0
           42         0                130.955   10         0
           43         0                133.545    1         0
           44         0                135.658    1         0
           45         0                137.143    1         0
           46         0                140.017   10         0
           47         0                143.628   10         0
