Segment_Index Download_Request_Sent Download_Start Download_End Segment_Size Download_OK
            0               2.04226        2.08939      3.21999       231665           Y
            1               3.21999        3.26746      5.41539       359538           Y
            2               5.41539        5.46096       7.1732       348806           Y
            3                7.1732        7.21808      8.13761       318029           Y
            4               8.13761        8.18222       8.6387       244850           Y
            5                8.6387        8.68331      9.00212       227489           Y
            6               9.00212         9.0493      10.9811       600489           Y
            7               10.9811        11.0268      13.4281       662769           Y
            8               13.4281        13.4738      14.6488       360206           Y
            9               14.6488        14.6945        15.97       449226           Y
           10                 15.97        16.0171      17.3828       479560           Y
           11               17.3828        17.4302       22.589       721079           Y
           12                22.589        22.6355       30.016       642767           Y
           13                30.016        30.0625      36.3468       551677           Y
           14               36.3468        36.3985       39.314       380062           Y
           15                39.314        39.3581      40.8158       288672           Y
           16               40.8158        40.8601       43.199       394654           Y
           17                43.199        43.2491      44.4601       244896           Y
           18               44.4601        44.5044      45.5823       472197           Y
           19               45.5823        45.6269      46.6241       463174           Y
           20               46.6241        46.6682      48.3665       801791           Y
           21               48.3665        48.4107      49.4445       671747           Y
           22               49.4445        49.4891      50.5735       976785           Y
           23               50.5735        50.6177      68.4422      2731440           Y
           24               68.4422        68.4954      72.7757       302653           Y
           25               72.7757        72.8301      76.0206       263186           Y
           26               76.0206        76.0735       77.578       217676           Y
           27                77.578        77.6305      79.3109       271261           Y
           28               79.3109        79.3627      83.5957       309994           Y
           29               83.5957        83.6791      87.0758       258879           Y
           30               87.0758        87.1408       90.336       250361           Y
           31                90.336        90.3896      94.2595       256175           Y
           32               94.2595        94.3193      96.6853       256827           Y
           33               96.6853        96.7401      99.0835       275019           Y
           34               99.0835        99.1393      101.059       243721           Y
           35               101.059        101.111      103.612       323284           Y
           36               103.612        103.669      107.949       231293           Y
           37               107.949        108.018      114.586       332180           Y
           38               114.586        114.644      117.823       340992           Y
           39               117.823        117.878      120.115       312689           Y
           40               120.115         120.17      124.963       310813           Y
           41               124.963        125.028      130.955       306198           Y
           42               130.955        131.006      133.545       278608           Y
           43               133.545        133.599      135.658       329561           Y
           44               135.658        135.711      137.143       232925           Y
           45               137.143        137.198      140.017       225972           Y
           46               140.017        140.095      143.628       308033           Y
