Segment_Index Playback_Start Quality_Level
            0        3.21999             0
            1        6.21999             0
            2        9.21999             0
            3          12.22             0
            4          15.22             0
            5          18.22             0
            6          21.22             1
            7          24.22             1
            8          27.22             1
            9          30.22             1
           10          33.22             1
           11          36.22             2
           12          39.22             1
           13          42.22             1
           14          45.22             0
           15          48.22             0
           16          51.22             0
           17          54.22             0
           18          57.22             1
           19          60.22             1
           20          63.22             1
           21          66.22             1
           22          69.22             2
           23          72.22             3
           24          75.22             0
           25          78.22             0
           26          81.22             0
           27          84.22             0
           28          87.22             0
           29          90.22             0
           30          93.22             0
           31          96.22             0
           32          99.22             0
           33         102.22             0
           34         105.22             0
           35         108.22             0
           36         111.22             0
           37        114.586             0
           38        117.823             0
           39        120.823             0
           40        124.963             0
           41        130.955             0
           42        133.955             0
           43        136.955             0
           44        139.955             0
           45        142.955             0
           46        145.955             0
