    WinStart       WinEnd Samples_Number      Min      Max       Mean
        1.75          2.1        2       26       33       29.5
         2.1         2.45       46       41      154    100.826
        2.45          2.8       55       29       85    51.9636
         2.8         3.15       48       26       55    39.8958
        3.15          3.5       36       26       88    45.9444
         3.5         3.85       33       26       38         30
        3.85          4.2       41       25       43     29.122
         4.2         4.55       41       25       33    30.8049
        4.55          4.9       42       30       36    31.8571
         4.9         5.25       42       25       33    28.4762
        5.25          5.6       42       22       38    26.6905
         5.6         5.95       48       25       29    27.3125
        5.95          6.3       42       25       40         27
         6.3         6.65       45       25       27    25.9778
        6.65            7       54       24       29    25.2778
           7         7.35       58       23       36    24.9483
        7.35          7.7       78       23       27    24.4359
         7.7         8.05       91       23       27    24.4505
        8.05          8.4      103       23       41    25.1942
         8.4         8.75      129       23       48     25.938
        8.75          9.1      136       22       76     26.875
         9.1         9.45       89       26      123    63.4382
        9.45          9.8       62       26       33    27.8387
         9.8        10.15       71       25       32    27.4366
       10.15         10.5       74       25       29         27
        10.5        10.85       76       25       29         27
       10.85         11.2       70       24       49       27.8
        11.2        11.55       74       24       50    29.3378
       11.55         11.9       63       24       37    27.9206
        11.9        12.25       62       24       44    30.1452
       12.25         12.6       68       24       39    31.4559
        12.6        12.95       61       24       42    33.2131
       12.95         13.3       62       24       35    27.6774
        13.3        13.65       64       24       69    32.3125
       13.65           14       72       28       35    31.1667
          14        14.35       73       31       36    33.5068
       14.35         14.7       70       23       36    30.5143
        14.7        15.05       87       24       51    27.3678
       15.05         15.4       83       25       39    27.5904
        15.4        15.75       83       25       29    27.0241
       15.75         16.1       76       23       67    30.0658
        16.1        16.45       82       26       29       27.5
       16.45         16.8       88       26       33    27.9773
        16.8        17.15       88       26       41    31.4091
       17.15         17.5       69       23       68    35.4493
        17.5        17.85       50       26       78      45.52
       17.85         18.2       45       28       45    34.9556
        18.2        18.55       38       25       44    31.4474
       18.55         18.9       39       25       33    27.5641
        18.9        19.25       47       23       40    25.4894
       19.25         19.6       48       23       25         24
        19.6        19.95       44       23       25         24
       19.95         20.3       25       23      110       55.8
        20.3        20.65       14       32       90       56.5
       20.65           21       18       59      100    74.0556
          21        21.35       17       29       80         43
       21.35         21.7       24       29       42    32.2917
        21.7        22.05       28       25       49    35.9286
       22.05         22.4       28       25       28       26.5
        22.4        22.75       30       25       38    27.2333
       22.75         23.1       28       25       39    28.1429
        23.1        23.45       28       28       34         31
       23.45         23.8       28       28       34         31
        23.8        24.15       27       28       54    35.3704
       24.15         24.5       20       45       71       50.8
        24.5        24.85       20       30       87       56.5
       24.85         25.2       19       37       58    45.9474
        25.2        25.55       19       42       88    61.1053
       25.55         25.9       16       32       98     72.625
        25.9        26.25       17       32       59    46.2353
       26.25         26.6       18       45       83    61.0556
        26.6        26.95       19       54       92    68.5263
       26.95         27.3       14       33       78    47.7143
        27.3        27.65       16       45       89       61.5
       27.65           28       14       33       67    45.7857
          28        28.35       24       26       35    28.6667
       28.35         28.7       25       26       31       28.6
        28.7        29.05       27       26       41    29.5185
       29.05         29.4       17       44       54    49.0588
        29.4        29.75       20       44       54         49
       29.75         30.1       19       25       54    44.3684
        30.1        30.45       28       25       28       26.5
       30.45         30.8       28       25       28       26.5
        30.8        31.15       25       25      104      34.96
       31.15         31.5       14       33      113    71.7143
        31.5        31.85       12       33       79    51.6667
       31.85         32.2       16       46       95    63.8125
        32.2        32.55       13       33       71    53.4615
       32.55         32.9       15       33       83    49.8667
        32.9        33.25       22       28       71    38.6818
       33.25         33.6       25       28       40      31.36
        33.6        33.95       25       28       34      31.12
       33.95         34.3       17       28       85         51
        34.3        34.65       14       50       73       61.5
       34.65           35       15       50       73    62.2667
          35        35.35       28       26       58    29.8571
       35.35         35.7       29       26       34    28.2414
        35.7        36.05       36       26       60    30.6944
       36.05         36.4       16       30      119       66.5
        36.4        36.75       20       37       71       49.3
       36.75         37.1       21       46       79    62.1429
        37.1        37.45       14       44      115    80.7857
       37.45         37.8       16       44       87    59.1875
        37.8        38.15       28       23       99    44.6429
       38.15         38.5       49       23       25    23.9388
        38.5        38.85       48       23       24       23.5
       38.85         39.2       48       22       24         23
        39.2        39.55       49       22       27    22.8163
       39.55         39.9       48       22       23       22.5
        39.9        40.25       48       22       25    23.2917
       40.25         40.6       47       23       24    23.4894
        40.6        40.95       42       21       30    24.0238
       40.95         41.3       64       23       24       23.5
        41.3        41.65       68       23       25    23.7206
       41.65           42       84       23       25    23.7262
          42        42.35       46       26       94    51.8913
       42.35         42.7        0        0        0          0
        42.7        43.05        0        0        0          0
       43.05         43.4        2       29       29         29
        43.4        43.75       24       29       56    39.5417
       43.75         44.1       57       23       74    48.2105
        44.1        44.45       84       23       25    23.5833
       44.45         44.8       90       23       34       24.3
        44.8        45.15      110       23       27    23.8636
       45.15         45.5      107       23       26    23.5514
        45.5        45.85       95       23       42    24.8842
       45.85         46.2      112       22       27    23.4375
        46.2        46.55      112       22       25    23.7232
       46.55         46.9      104       22       41    23.8846
        46.9        47.25      104       22       45    26.4135
       47.25         47.6      108       23       25         24
        47.6        47.95      113       23       27    24.0354
       47.95         48.3      125       23       25     23.584
        48.3        48.65      130       22       37    24.3769
       48.65           49      145       23       24    23.5724
          49        49.35      164       23       31    24.4451
       49.35         49.7      176       23       55    26.1364
        49.7        50.05      226       23       26    23.9204
       50.05         50.4      245       23       45    27.2041
        50.4        50.75      102       22       53    40.5196
       50.75         51.1       75       22       25    23.6533
        51.1        51.45      107       22       31    23.5327
       51.45         51.8      129       22       26         23
        51.8        52.15      142       22       25    22.9507
       52.15         52.5      154       23       25    23.5065
        52.5        52.85      160       23       25    23.5375
       52.85         53.2      176       23       24       23.5
        53.2        53.55      172       23       24       23.5
       53.55         53.9      166       23       24       23.5
        53.9        54.25       73       23      222     45.274
       54.25         54.6       24       94      286    194.667
        54.6        54.95       16       36      108       93.5
       54.95         55.3        5       54       65       57.6
        55.3        55.65        4       54       54         54
       55.65           56       12       51      118    71.8333
          56        56.35       12       52      145    103.917
       56.35         56.7       13       52      141    80.6154
        56.7        57.05        7       50      141    75.1429
       57.05         57.4       11       53       91    65.7273
        57.4        57.75       14       41      103       66.5
       57.75         58.1       11       47       97    69.6364
        58.1        58.45        6       91      147    136.667
       58.45         58.8        5       63      147       85.4
        58.8        59.15       10       38      175       98.2
       59.15         59.5       12       37       53    44.8333
        59.5        59.85        9       37       81    59.7778
       59.85         60.2       10       43       68       55.5
        60.2        60.55       11       34       52    46.2727
       60.55         60.9       12       34       52         43
        60.9        61.25       11       39       52    44.6364
       61.25         61.6       11       39       47    43.3636
        61.6        61.95       13       39       55    43.9231
       61.95         62.3       18       39       71    50.5556
        62.3        62.65       29       31       71     42.069
       62.65           63       17       49       99    72.8235
          63        63.35       13       46      100    65.8462
       63.35         63.7       15       34      100    54.2667
        63.7        64.05       11       52       95    63.5455
       64.05         64.4       12       57      105    83.8333
        64.4        64.75       12       57      105    74.3333
       64.75         65.1       11       73      105    87.4545
        65.1        65.45       11       72      104    89.4545
       65.45         65.8       11       72      104    86.5455
        65.8        66.15       13       49      104    80.3846
       66.15         66.5       15       49       73       60.2
        66.5        66.85       15       49       96    69.6667
       66.85         67.2       11       37       73    56.0909
        67.2        67.55       15       48       95    62.7333
       67.55         67.9       15       37       95       57.6
        67.9        68.25       17       38       83    54.2353
       68.25         68.6       16       32      101     61.875
        68.6        68.95       18       58       78         68
       68.95         69.3       18       54       78    64.9444
        69.3        69.65       19       54       73         64
       69.65           70       18       54       73       63.5
          70        70.35       20       48       72      57.65
       70.35         70.7       22       30       65    50.5455
        70.7        71.05       19       48       65    56.2632
       71.05         71.4       13       35      122    84.9231
        71.4        71.75       12       35       70    49.1667
       71.75         72.1       16       40      105    72.5625
        72.1        72.45       15       33       68       52.4
       72.45         72.8       14       33       79    47.3571
        72.8        73.15       15       33       89       57.4
       73.15         73.5       15       49       72    61.2667
        73.5        73.85       15       49       72    59.7333
       73.85         74.2       16       47       72     58.375
        74.2        74.55       17       50       60    55.2941
       74.55         74.9       17       50       60    54.7059
        74.9        75.25       19       41       60    49.4211
       75.25         75.6       27       31       49         36
        75.6        75.95       32       31       49    36.4062
       75.95         76.3       33       31       89    48.6061
        76.3        76.65       35       31       65    50.6857
       76.65           77       36       31       55    43.6389
          77        77.35       38       42       61    50.5263
       77.35         77.7       25       24       77      38.68
        77.7        78.05       36       31       49    37.2778
       78.05         78.4       40       31       40     35.525
        78.4        78.75       39       31       40    35.3846
       78.75         79.1       40       30       40       35.3
        79.1        79.45       37       24       81    38.2973
       79.45         79.8       40       30       39       34.5
        79.8        80.15       34       30      106    49.6176
       80.15         80.5       19       39      115    68.2632
        80.5        80.85       20       47       81       66.6
       80.85         81.2       14       64      173         95
        81.2        81.55        9       62      179    79.4444
       81.55         81.9        8       99      142    119.375
        81.9        82.25       14       62      179    108.071
       82.25         82.6       17       62       83    71.8824
        82.6        82.95       17       62       83    73.1176
       82.95         83.3        7       62      200    98.8571
        83.3        83.65        5       62      299      224.8
       83.65           84        7       62      182    117.429
          84        84.35       22       30      179    49.1364
       84.35         84.7       21       43       51    46.8095
        84.7        85.05       22       30       65    47.0455
       85.05         85.4       24       31       67       45.5
        85.4        85.75       20       40       67       49.9
       85.75         86.1       19       31       89    56.6316
        86.1        86.45       15       33       91    56.0667
       86.45         86.8       16       33       80     46.625
        86.8        87.15       14       43       91    65.1429
       87.15         87.5       20       32      122      63.85
        87.5        87.85       22       38       77    50.9091
       87.85         88.2       20       45       67         52
        88.2        88.55       22       30       54    46.7273
       88.55         88.9       22       30       54    43.8636
        88.9        89.25       17       30      124    64.4118
       89.25         89.6       12       48       85    68.9167
        89.6        89.95       16       41       71      53.75
       89.95         90.3       19       47       94    61.9474
        90.3        90.65       17       32       98    59.3529
       90.65           91       18       54       64         59
          91        91.35       16       45       89       65.5
       91.35         91.7       13       34       67    50.0769
        91.7        92.05       15       45       89    60.9333
       92.05         92.4        9       41      134    109.111
        92.4        92.75        8       68      134       88.5
       92.75         93.1       12       64      134    101.167
        93.1        93.45       20       44       63       54.7
       93.45         93.8       20       32       73      58.55
        93.8        94.15       24       31       69      41.75
       94.15         94.5       18       38      104       57.5
        94.5        94.85       22       45       61         53
       94.85         95.2       24       33       61    45.0417
        95.2        95.55       25       33       44      38.28
       95.55         95.9       30       33       55    40.5333
        95.9        96.25       30       34       60    49.0333
       96.25         96.6       29       33       71    52.8276
        96.6        96.95       26       33       91    46.5385
       96.95         97.3       28       48       67    58.7143
        97.3        97.65       26       34       80    57.8462
       97.65           98       28       42       60    48.3929
          98        98.35       29       50       67    56.5517
       98.35         98.7       29       34       73    53.5172
        98.7        99.05       28       34       63    44.7143
       99.05         99.4       24       34      109    62.5833
        99.4        99.75       28       34       78    56.9643
       99.75        100.1       28       32       59    45.0714
       100.1       100.45       33       42       64    48.1212
      100.45        100.8       33       53       64    58.3333
       100.8       101.15       31       30       64    55.0645
      101.15        101.5       41       38       90    45.3659
       101.5       101.85       41       38       47    42.3902
      101.85        102.2       33       38       85    52.8485
       102.2       102.55       25       35       72      50.12
      102.55        102.9       26       45       72    57.1923
       102.9       103.25       26       59       88    69.8846
      103.25        103.6       25       35       75      51.24
       103.6       103.95       23       35      104    63.4348
      103.95        104.3       12       61      219    120.333
       104.3       104.65        3      179      219    192.333
      104.65          105        4       62      139      100.5
         105       105.35        9       39      119         71
      105.35        105.7        7       66      154    111.429
       105.7       106.05        8       66      119     82.125
      106.05        106.4       20       33       69      46.05
       106.4       106.75       16       33       92    63.6875
      106.75        107.1       12       46       69    55.6667
       107.1       107.45       17       33       80    53.8824
      107.45        107.8       22       35       69    49.3182
       107.8       108.15       15       33      141    66.1333
      108.15        108.5       14       33       73    52.2143
       108.5       108.85       16       33       85         50
      108.85        109.2       11       49      158    90.0909
       109.2       109.55        3       44      113         75
      109.55        109.9        0        0        0          0
       109.9       110.25        0        0        0          0
      110.25        110.6        8       42       81       56.5
       110.6       110.95       10       78      197      129.1
      110.95        111.3       15       31      157    57.8667
       111.3       111.65       17       45      101    68.0588
      111.65          112       17       31       54    40.4706
         112       112.35       16       45       89    61.5625
      112.35        112.7       14       33       67    49.2143
       112.7       113.05       17       33       78    53.8235
      113.05        113.4       17       41       86    65.9412
       113.4       113.75       16       64       86         75
      113.75        114.1       15       64       95    76.1333
       114.1       114.45       11       40      133    94.6364
      114.45        114.8       16       37       84    51.5625
       114.8       115.15       24       29       68    40.9583
      115.15        115.5       28       29       36       32.5
       115.5       115.85       28       29       36       32.5
      115.85        116.2       25       29       47      35.64
       116.2       116.55       26       33       44       38.5
      116.55        116.9       26       33       44       38.5
       116.9       117.25       25       33       45      39.08
      117.25        117.6       26       33       45         39
       117.6       117.95       26       33       91    45.8846
      117.95        118.3       41       28       48    33.3415
       118.3       118.65       53       28       40    31.6604
      118.65          119       57       28       52    40.6316
         119       119.35       30       38      121    69.4667
      119.35        119.7       30       37       38    37.8667
       119.7       120.05        1       36       36         36
      120.05        120.4        2       34       34         34
       120.4       120.75       22       34       91    58.2273
      120.75        121.1       30       30      128    81.4333
       121.1       121.45       33       30       30         30
      121.45        121.8       34       30       30         30
       121.8       122.15        7       30       39    31.7143
      122.15        122.5       18       41      107    76.7778
       122.5       122.85       19       47       98    60.2632
      122.85        123.2       18       38      184    75.2778
       123.2       123.55        7       42      179    97.4286
      123.55        123.9        8       42      139       80.5
       123.9       124.25        7       79      141    100.429
      124.25        124.6        3       83       83         83
       124.6       124.95        7       83      146        101
      124.95        125.3        5       43      243      121.6
       125.3       125.65        5      139      219        171
      125.65          126        3       62       62         62
         126       126.35        7       77      216    127.571
      126.35        126.7        7       46      176    108.143
       126.7       127.05        8       40      121     58.375
      127.05        127.4       19       28       39    32.6842
       127.4       127.75       26       28       33       30.5
      127.75        128.1       26       28       33       30.5
       128.1       128.45       24       28       33       30.5
      128.45        128.8       28       28       33       30.5
       128.8       129.15       14       28       33       30.5
      129.15        129.5        0        0        0          0
       129.5       129.85        1      654      654        654
      129.85        130.2        0        0        0          0
       130.2       130.55       15       30     1287    225.667
      130.55        130.9       21       30       47     34.619
       130.9       131.25       24       26       68       38.5
      131.25        131.6       25       32       42       37.2
       131.6       131.95       28       32       42         37
      131.95        132.3       26       31       42    36.1538
       132.3       132.65       26       31       41         36
      132.65          133       27       31       41    35.8148
         133       133.35       25       33       46      38.76
      133.35        133.7       25       33       77      41.56
       133.7       134.05       31       29       55    39.8065
      134.05        134.4       42       29       44    34.7381
       134.4       134.75       48       30       53    40.5625
      134.75        135.1       42       29       54     40.119
       135.1       135.45       37       44       63    51.7027
      135.45        135.8       28       31       78      42.25
       135.8       136.15       37       29       43    34.9189
      136.15        136.5       42       29       36       32.5
       136.5       136.85       41       29       36    32.5854
      136.85        137.2       33       29       57    37.8485
       137.2       137.55       19       44      113    83.9474
      137.55        137.9       14       33       90    54.2857
       137.9       138.25       15       33       91    64.1333
      138.25        138.6       18       33       60    43.8333
       138.6       138.95       16       34       91     59.125
      138.95        139.3       23       28       71    36.5217
       139.3       139.65       25       28       34      30.88
      139.65          140       25       28       46      32.08
         140       140.35       13       22      116    65.0769
      140.35        140.7       18       38       73       48.5
       140.7       141.05       17       33       85    55.1176
      141.05        141.4       26       28       46    31.8846
       141.4       141.75       30       28       46    34.1333
      141.75        142.1       31       33       74    44.5806
       142.1       142.45       20       37      105       62.7
      142.45        142.8       21       46       79    61.4286
       142.8       143.15       13       30       76    42.9231
      143.15        143.5       18       33       65    52.0556
       143.5       143.85       20       33       98      54.35
      143.85        144.2       17       33      139    54.2941
       144.2       144.55        9      139      179    161.222
      144.55        144.9        9      139      179    156.778
       144.9       145.25       12       62      179    111.083
      145.25        145.6        8      104      146     130.25
       145.6       145.95        4       43       83         58
      145.95        146.3        5       63      240      146.4
       146.3       146.65        4      139      219        179
      146.65          147        4       62      139      81.25
         147       147.35       12       30      107    42.5833
      147.35        147.7       14       30       38         34
       147.7       148.05       13       30       40    34.4615
      148.05        148.4       11       40       58    49.8182
       148.4       148.75       12       40       58         49
      148.75        149.1       10       40      102       55.6
       149.1       149.45        8       62      102         82
      149.45        149.8        9       62      102    79.7778
