Segment_Index Rep_Level Decision_Point_Of_Time Case DelayCase
            0         0                2.04226    0         0
            1         0                3.21999    1         0
            2         0                 5.4192    1         0
            3         0                7.16262    1         0
            4         0                8.14312    1         0
            5         0                8.64134    1         0
            6         0                9.02429    1         0
            7         0                10.0303    1         0
            8         0                11.0178    1         0
            9         0                11.7163    1         0
           10         0                12.4112    1         0
           11         0                13.0882    1         0
           12         0                13.7644    1         0
           13         0                14.3954    1         0
           14         0                14.9311    1         0
           15         0                15.9045    1         0
           16         0                16.7486    1         0
           17         0                17.9781    1         0
           18         0                18.6817    1         0
           19         0                19.3634    1         0
           20         1                19.9568    3         1
           21         1                38.6609    4         1
           22         1                44.0732    4         0
           23         1                44.9848    4         1
           24         1                48.6519    4         0
           25         1                49.5511    4         1
           26         2                53.4833    3         1
           27         2                67.9794    4         0
           28         1                79.5415    2         0
           29         1                90.6351    4         0
           30         1                100.031    4         0
           31         0                 109.43    2         0
           32         0                114.434    4         0
           33         0                117.862    4         0
           34         0                 120.46    4         0
           35         0                124.363    4         0
           36         0                130.567    4         0
           37         0                132.203    4         0
           38         0                135.232    4         0
           39         0                138.717    4         0
           40         0                141.406    4         0
           41         0                145.889    4         0
