Segment_Index Download_Request_Sent Download_Start Download_End Segment_Size Download_OK
            0               2.04226        2.08939      3.21999       231665           Y
            1               3.21999        3.26746       5.4192       359538           Y
            2                5.4192        5.46856      7.16262       348806           Y
            3               7.16262        7.20751      8.14312       318029           Y
            4               8.14312        8.18773      8.64134       244850           Y
            5               8.64134         8.6881      9.02429       227489           Y
            6               9.02429        9.07147      10.0303       298585           Y
            7               10.0303         10.077      11.0178       293461           Y
            8               11.0178        11.0636      11.7163       220702           Y
            9               11.7163         11.762      12.4112       238412           Y
           10               12.4112        12.4571      13.0882       227863           Y
           11               13.0882        13.1339      13.7644       260151           Y
           12               13.7644        13.8101      14.3954       316391           Y
           13               14.3954        14.4411      14.9311       287622           Y
           14               14.9311        14.9768      15.9045       380062           Y
           15               15.9045        15.9513      16.7486       288672           Y
           16               16.7486        16.7956      17.9781       394654           Y
           17               17.9781         18.025      18.6817       244896           Y
           18               18.6817        18.7286      19.3634       243884           Y
           19               19.3634        19.4083      19.9568       218909           Y
           20               37.9568        38.0109      38.6609       801791           Y
           21               41.6609        41.7051      44.0732       671747           Y
           22               44.0732        44.1174      44.9848       620000           Y
           23               47.9848        48.0289      48.6519       580700           Y
           24               48.6519        48.6961      49.5511       642423           Y
           25               52.5511        52.5969      53.4833       528859           Y
           26               56.4833        56.5658      67.9794       737111           Y
           27               67.9794        68.0326      79.5415       853142           Y
           28               79.5415        79.5931      90.6351       638683           Y
           29               90.6351        90.7057      100.031       546193           Y
           30               100.031        100.085       109.43       499186           Y
           31                109.43         109.52      114.434       256175           Y
           32               114.434         114.51      117.862       256827           Y
           33               117.862        117.917       120.46       275019           Y
           34                120.46        120.529      124.363       243721           Y
           35               124.363        124.447      130.567       323284           Y
           36               130.567        130.618      132.203       231293           Y
           37               132.203        132.255      135.232       332180           Y
           38               135.232        135.299      138.717       340992           Y
           39               138.717        138.787      141.406       312689           Y
           40               141.406        141.456      145.889       310813           Y
