    WinStart       WinEnd Samples_Number      Min      Max       Mean
        1.75          2.1        2       26       33       29.5
         2.1         2.45       46       41      154    100.826
        2.45          2.8       55       29       85    51.9636
         2.8         3.15       48       26       55    39.8958
        3.15          3.5       36       26       88    45.9444
         3.5         3.85       33       26       38         30
        3.85          4.2       41       25       43     29.122
         4.2         4.55       41       25       33    30.8049
        4.55          4.9       42       25       36    31.6429
         4.9         5.25       42       25       33    28.0952
        5.25          5.6       42       24       46       28.5
         5.6         5.95       44       24       35    26.6591
        5.95          6.3       46       24       29    25.3043
         6.3         6.65       46       24       29    25.4348
        6.65            7       55       24       28       24.8
           7         7.35       60       23       36    24.9167
        7.35          7.7       74       23       27    24.3514
         7.7         8.05       87       23       34    26.4253
        8.05          8.4      109       23       45    26.1651
         8.4         8.75      116       23       72    29.9828
        8.75          9.1      141       23       53    26.4894
         9.1         9.45       90       26      123    66.1444
        9.45          9.8       63       26       33    27.7143
         9.8        10.15       63       25       56    29.7302
       10.15         10.5       74       25       32    27.1892
        10.5        10.85       76       25       29         27
       10.85         11.2       67       24       49    28.0448
        11.2        11.55       83       24       29    25.6024
       11.55         11.9       75       22       51       27.4
        11.9        12.25       86       24       28    25.6512
       12.25         12.6       79       23       53    27.4937
        12.6        12.95       87       24       27    25.4828
       12.95         13.3       83       24       50     27.012
        13.3        13.65       93       24       29    25.3118
       13.65           14      104       23       60    28.2885
          14        14.35      134       24       29    25.8881
       14.35         14.7      128       23       72    33.0938
        14.7        15.05      116       24       69    34.4224
       15.05         15.4       95       25       46    34.9053
        15.4        15.75       98       25       32    28.5408
       15.75         16.1       86       25       78     36.093
        16.1        16.45       82       26       39    31.0488
       16.45         16.8       79       26       33    28.4557
        16.8        17.15       88       28       75    38.0114
       17.15         17.5       75       26       41    30.7333
        17.5        17.85       77       26       34    28.4935
       17.85         18.2       77       24       69    30.7532
        18.2        18.55       89       25       29    27.0225
       18.55         18.9       80       21       69     30.225
        18.9        19.25       92       23       29     24.913
       19.25         19.6       88       23       43    25.3068
        19.6        19.95       90       23       25         24
       19.95         20.3        6       22       25    23.8333
        20.3        20.65        0        0        0          0
       20.65           21        0        0        0          0
          21        21.35        0        0        0          0
       21.35         21.7        0        0        0          0
        21.7        22.05        0        0        0          0
       22.05         22.4        0        0        0          0
        22.4        22.75        0        0        0          0
       22.75         23.1        0        0        0          0
        23.1        23.45        0        0        0          0
       23.45         23.8        0        0        0          0
        23.8        24.15        0        0        0          0
       24.15         24.5        0        0        0          0
        24.5        24.85        0        0        0          0
       24.85         25.2        0        0        0          0
        25.2        25.55        0        0        0          0
       25.55         25.9        0        0        0          0
        25.9        26.25        0        0        0          0
       26.25         26.6        0        0        0          0
        26.6        26.95        0        0        0          0
       26.95         27.3        0        0        0          0
        27.3        27.65        0        0        0          0
       27.65           28        0        0        0          0
          28        28.35        0        0        0          0
       28.35         28.7        0        0        0          0
        28.7        29.05        0        0        0          0
       29.05         29.4        0        0        0          0
        29.4        29.75        0        0        0          0
       29.75         30.1        0        0        0          0
        30.1        30.45        0        0        0          0
       30.45         30.8        0        0        0          0
        30.8        31.15        0        0        0          0
       31.15         31.5        0        0        0          0
        31.5        31.85        0        0        0          0
       31.85         32.2        0        0        0          0
        32.2        32.55        0        0        0          0
       32.55         32.9        0        0        0          0
        32.9        33.25        0        0        0          0
       33.25         33.6        0        0        0          0
        33.6        33.95        0        0        0          0
       33.95         34.3        0        0        0          0
        34.3        34.65        0        0        0          0
       34.65           35        0        0        0          0
          35        35.35        0        0        0          0
       35.35         35.7        0        0        0          0
        35.7        36.05        0        0        0          0
       36.05         36.4        0        0        0          0
        36.4        36.75        0        0        0          0
       36.75         37.1        0        0        0          0
        37.1        37.45        0        0        0          0
       37.45         37.8        0        0        0          0
        37.8        38.15       64       23       44    28.8906
       38.15         38.5      343       23       96      57.07
        38.5        38.85      151       23       77    54.1921
       38.85         39.2        0        0        0          0
        39.2        39.55        0        0        0          0
       39.55         39.9        0        0        0          0
        39.9        40.25        0        0        0          0
       40.25         40.6        0        0        0          0
        40.6        40.95        0        0        0          0
       40.95         41.3        0        0        0          0
        41.3        41.65        0        0        0          0
       41.65           42      276       23       50     29.913
          42        42.35       37       28      338    138.784
       42.35         42.7       25      349      525      465.2
        42.7        43.05       26      183      443      284.5
       43.05         43.4       26       46      183         75
        43.4        43.75       25       46       46         46
       43.75         44.1       49       23      178     89.449
        44.1        44.45      149       23       43    26.5101
       44.45         44.8      179       23       27     24.067
        44.8        45.15      102       22       25    23.5196
       45.15         45.5        0        0        0          0
        45.5        45.85        0        0        0          0
       45.85         46.2        0        0        0          0
        46.2        46.55        0        0        0          0
       46.55         46.9        0        0        0          0
        46.9        47.25        0        0        0          0
       47.25         47.6        0        0        0          0
        47.6        47.95        0        0        0          0
       47.95         48.3      173       23       46     25.341
        48.3        48.65      227       23       24    23.5066
       48.65           49      213       23       49    25.2488
          49        49.35      165       23       63    40.2242
       49.35         49.7       68       22       39    26.3088
        49.7        50.05        0        0        0          0
       50.05         50.4        0        0        0          0
        50.4        50.75        0        0        0          0
       50.75         51.1        0        0        0          0
        51.1        51.45        0        0        0          0
       51.45         51.8        0        0        0          0
        51.8        52.15        0        0        0          0
       52.15         52.5        0        0        0          0
        52.5        52.85      100       23       55      26.88
       52.85         53.2      141       23       25    23.5106
        53.2        53.55      125       23       25     23.504
       53.55         53.9        0        0        0          0
        53.9        54.25        0        0        0          0
       54.25         54.6        0        0        0          0
        54.6        54.95        0        0        0          0
       54.95         55.3        0        0        0          0
        55.3        55.65        0        0        0          0
       55.65           56        0        0        0          0
          56        56.35        0        0        0          0
       56.35         56.7        6       61      194      122.5
        56.7        57.05       15      223      445      343.2
       57.05         57.4       28       41      220    70.1786
        57.4        57.75       27       41       53    42.7778
       57.75         58.1       12       53      116    75.5833
        58.1        58.45        4       91      176      132.5
       58.45         58.8        2      105      162      133.5
        58.8        59.15       11       50      182        121
       59.15         59.5       10       53      157       88.8
        59.5        59.85       12       53      128      94.25
       59.85         60.2       12       31       49      38.75
        60.2        60.55       21       34       43    38.7143
       60.55         60.9       26       31       59    37.7308
        60.9        61.25       26       29       52    37.0769
       61.25         61.6       22       39       55    43.5455
        61.6        61.95       23       39       55    43.8696
       61.95         62.3       22       34       66    46.7727
        62.3        62.65       21       34       71    50.0476
       62.65           63       18       52       71       61.5
          63        63.35       17       34      100         60
       63.35         63.7       16       34       88     53.375
        63.7        64.05       16       34       76     59.125
       64.05         64.4       12       57      137    96.5833
        64.4        64.75       11       42      105    57.3636
       64.75         65.1       11       73      105    88.9091
        65.1        65.45       10       57      136       96.1
       65.45         65.8       11       57      104    69.5455
        65.8        66.15       12       49      120    84.9167
       66.15         66.5       12       37       73         59
        66.5        66.85       14       49       85         61
       66.85         67.2       15       37       96    68.3333
        67.2        67.55       12       48       83    55.9167
       67.55         67.9       18       37       71    56.1667
        67.9        68.25       17       32      101    61.4118
       68.25         68.6       17       58       78    66.8235
        68.6        68.95       18       58       78         68
       68.95         69.3       18       54       78    64.9444
        69.3        69.65       19       54       73         63
       69.65           70       18       54       73       63.5
          70        70.35       20       48       73       57.7
       70.35         70.7       22       42       83       58.5
        70.7        71.05       17       33       65    45.7059
       71.05         71.4       15       44      109    67.0667
        71.4        71.75       11       35       74    53.6364
       71.75         72.1       13       47       96    68.6154
        72.1        72.45       18       34       68    46.3333
       72.45         72.8       18       34       79    49.4444
        72.8        73.15       15       46       72    57.1333
       73.15         73.5       15       49       72    61.2667
        73.5        73.85       15       49       72    59.7333
       73.85         74.2       16       47       72     58.375
        74.2        74.55       18       32       81    52.7778
       74.55         74.9       18       60      101    68.3333
        74.9        75.25       15       32      101    60.1333
       75.25         75.6       18       40       68    49.8889
        75.6        75.95       21       32       68         56
       75.95         76.3       22       41       94    61.4545
        76.3        76.65       13       36       84    48.7692
       76.65           77       20       36       75      56.35
          77        77.35       23       31       88    52.6087
       77.35         77.7       15       33       79       50.8
        77.7        78.05       19       41       70    52.4737
       78.05         78.4       22       31       84    50.1364
        78.4        78.75       17       31       75    50.4706
       78.75         79.1       22       30       67    47.2273
        79.1        79.45       23       30       63    43.3478
       79.45         79.8       20       30      106      61.85
        79.8        80.15       11       39       80    57.9091
       80.15         80.5       13       64      132    92.7692
        80.5        80.85       17       64      115         77
       80.85         81.2        5       39      139       94.4
        81.2        81.55        2      139      139        139
       81.55         81.9        4      139      259        179
        81.9        82.25       11       81      259    134.273
       82.25         82.6        9      104      146    122.667
        82.6        82.95        7       83      146         98
       82.95         83.3        6       83      220    155.167
        83.3        83.65        4      139      299        179
       83.65           84        4       62      102         72
          84        84.35       15       30      147    50.6667
       84.35         84.7       23       35       43    38.8261
        84.7        85.05       21       35       45    39.3333
       85.05         85.4       20       40       49       44.5
        85.4        85.75       20       40       49       44.5
       85.75         86.1       19       31       61    44.2105
        86.1        86.45       15       46       89       59.6
       86.45         86.8       16       46       69       57.5
        86.8        87.15       16       46       91    65.3125
       87.15         87.5       18       57       97    71.4444
        87.5        87.85       18       32       77    51.2778
       87.85         88.2       19       40       79    54.0526
        88.2        88.55       21       45       87    59.2381
       88.55         88.9       18       30       62    39.7778
        88.9        89.25       15       37      124    62.3333
       89.25         89.6       12       35       85    59.3333
        89.6        89.95       14       35       98    56.8571
       89.95         90.3       17       45       85    54.7647
        90.3        90.65       19       31       54    45.9474
       90.65           91       16       45       96      55.25
          91        91.35       16       45       78     58.125
       91.35         91.7       16       45       67         56
        91.7        92.05       15       45       67       55.8
       92.05         92.4        9       87      134    110.222
        92.4        92.75        9       95      173        121
       92.75         93.1       10       31      134       78.4
        93.1        93.45       19       31       54    45.6842
       93.45         93.8       19       44       82    62.3158
        93.8        94.15       15       54      108       70.4
       94.15         94.5       11       45      137    90.8182
        94.5        94.85       11       45      127    70.1818
       94.85         95.2       13       46      111    83.4615
        95.2        95.55       12       33       68    54.3333
       95.55         95.9       16       46       79         57
        95.9        96.25       18       33       95    60.7778
       96.25         96.6       15       33       60       45.2
        96.6        96.95       15       48       83    61.0667
       96.95         97.3       15       34       95    64.5333
        97.3        97.65       12       34       92      58.75
       97.65           98       14       54      105    70.6429
          98        98.35       13       34       80    49.6154
       98.35         98.7       15       50       85    60.6667
        98.7        99.05       15       45       97    67.6667
       99.05         99.4       13       34       91    52.2308
        99.4        99.75       16       45       82       63.5
       99.75        100.1       12       32      103       67.5
       100.1       100.45       14       32       64    48.1429
      100.45        100.8       16       53      106     67.125
       100.8       101.15       18       47       85    68.4444
      101.15        101.5       20       47       64       55.5
       101.5       101.85       21       47       64    55.9048
      101.85        102.2       16       47      102       63.5
       102.2       102.55       13       35       85    57.6154
      102.55        102.9       14       35       99    63.1429
       102.9       103.25       12       53      112    80.6667
      103.25        103.6       13       35       75    54.2308
       103.6       103.95       13       61      116    80.8462
      103.95        104.3        6       61      219    135.667
       104.3       104.65        3       62       99    74.3333
      104.65          105        5       62      219      132.8
         105       105.35       10       66      209      119.6
      105.35        105.7        7       66      119    83.7143
       105.7       106.05        8       60      119         77
      106.05        106.4       15       46       94       59.2
       106.4       106.75       15       35       92    63.6667
      106.75        107.1       15       46       80       57.6
       107.1       107.45       17       38       72    56.2353
      107.45        107.8       15       35       91    64.2667
       107.8       108.15       12       46       85       57.5
      108.15        108.5       15       49       96    66.4667
       108.5       108.85       14       33       73    51.0714
      108.85        109.2       11       33      137    71.5455
       109.2       109.55        7       68      113    85.8571
      109.55        109.9        7       68      136         97
       109.9       110.25        9       58      113    77.1111
      110.25        110.6        9       58       78    69.1111
       110.6       110.95        9       58       78    66.8889
      110.95        111.3       13       31       78    43.3077
       111.3       111.65       12       31       41         36
      111.65          112       14       31       41         36
         112       112.35       14       33       78    49.9286
      112.35        112.7       16       45       89       61.5
       112.7       113.05       14       33       67    47.4286
      113.05        113.4       16       44       64      57.75
       113.4       113.75       16       64      107    77.6875
      113.75        114.1       15       64      105    77.6667
       114.1       114.45       11       40      124    87.6364
      114.45        114.8       10       54      102       72.2
       114.8       115.15       17       34      108    67.7059
      115.15        115.5       24       29       50      38.75
       115.5       115.85       26       34       41       37.5
      115.85        116.2       20       34       90      48.85
       116.2       116.55       18       33       68       48.5
      116.55        116.9       16       34       79      52.75
       116.9       117.25       15       46       92    66.6667
      117.25        117.6       15       33       57       39.4
       117.6       117.95       20       33       57      41.05
      117.95        118.3       28       28       80    35.2143
       118.3       118.65       29       28       34    30.8966
      118.65          119       28       28       34         31
         119       119.35       25       34       46      39.32
      119.35        119.7       25       34       45      39.28
       119.7       120.05       26       34       47    39.6154
      120.05        120.4       23       34       66    42.4783
       120.4       120.75       13       47      135    83.5385
      120.75        121.1       10       30      103       50.7
       121.1       121.45       22       30       47    37.8182
      121.45        121.8       21       46       79    55.4286
       121.8       122.15       20       30       88      60.85
      122.15        122.5       17       30       47    39.1176
       122.5       122.85       22       30       81    50.7273
      122.85        123.2       14       47      139       76.5
       123.2       123.55       11       42      179         77
      123.55        123.9        9       59      159         99
       123.9       124.25        9       99      179    132.667
      124.25        124.6        9       62      146    83.7778
       124.6       124.95        9       62      167    99.3333
      124.95        125.3        5      104      241        178
       125.3       125.65        4      139      219        159
      125.65          126        4       62      102         72
         126       126.35        7       77      216        124
      126.35        126.7        8       77      176      117.5
       126.7       127.05       11       28       77    57.6364
      127.05        127.4       25       28       39      30.84
       127.4       127.75       25       28       33       30.4
      127.75        128.1       27       28       33    30.5926
       128.1       128.45       24       28       33       30.5
      128.45        128.8       26       28       33       30.5
       128.8       129.15       15       28       33    30.3333
      129.15        129.5        0        0        0          0
       129.5       129.85        1      660      660        660
      129.85        130.2        0        0        0          0
       130.2       130.55       25       30     1297     221.52
      130.55        130.9       37       30       89    48.7297
       130.9       131.25       37       38       78    53.7297
      131.25        131.6       35       38       68    53.7143
       131.6       131.95       29       32       68    44.1379
      131.95        132.3       30       31       69    39.6333
       132.3       132.65       37       31       78    41.5405
      132.65          133       37       35       45    40.1351
         133       133.35       31       35       56    49.0645
      133.35        133.7       25       45      111      65.68
       133.7       134.05       15       34       89       54.8
      134.05        134.4       24       38       60    43.0417
       134.4       134.75       25       29       68      52.24
      134.75        135.1       23       29       73     44.087
       135.1       135.45       16       44      140    73.4375
      135.45        135.8       15       31       73       49.2
       135.8       136.15       23       29       50    35.3913
      136.15        136.5       29       29       43         33
       136.5       136.85       28       29       36       32.5
      136.85        137.2       26       29       53    36.3846
       137.2       137.55       26       33       44       38.5
      137.55        137.9       25       33       44      38.28
       137.9       138.25       26       33       45    38.8462
      138.25        138.6       25       33       45      39.24
       138.6       138.95       13       48      129    76.7692
      138.95        139.3       20       28       95       46.3
       139.3       139.65       28       28       40    33.3571
      139.65          140       31       28       40    31.6774
         140       140.35       30       28       51       42.7
      140.35        140.7       30       38       50         44
       140.7       141.05       31       28       50    42.7742
      141.05        141.4       36       28       34         31
       141.4       141.75       35       28       58    32.9714
      141.75        142.1       37       28       45    32.3514
       142.1       142.45       35       30       39    34.3714
      142.45        142.8       20       30       88       60.8
       142.8       143.15       16       30      100       56.5
      143.15        143.5       15       33       65    49.2667
       143.5       143.85       12       44       65      50.75
      143.85        144.2       10       44      160       73.1
       144.2       144.55        4      139      240     204.25
      144.55        144.9        3       99      139    125.667
       144.9       145.25        7       43      139         82
      145.25        145.6        9       62      104    80.6667
       145.6       145.95       14       43      118    61.2143
      145.95        146.3       11       43      140    94.1818
       146.3       146.65        8       99      139        119
      146.65          147        9       99      139    121.222
         147       147.35       24       30      107    40.1667
      147.35        147.7       24       30       38         34
       147.7       148.05       21       30       40    34.2857
      148.05        148.4       19       40       77    60.1053
       148.4       148.75       18       50      122         73
      148.75        149.1        8      104      194     142.75
       149.1       149.45        5       99      139      126.6
      149.45        149.8        8       99      179        134
