Segment_Index Playback_Start Quality_Level
            0        3.21999             0
            1        6.21999             0
            2        9.21999             0
            3          12.22             0
            4          15.22             0
            5          18.22             0
            6          21.22             0
            7          24.22             0
            8          27.22             0
            9          30.22             0
           10          33.22             0
           11          36.22             0
           12          39.22             0
           13          42.22             0
           14          45.22             0
           15          48.22             0
           16          51.22             0
           17          54.22             0
           18          57.22             0
           19          60.22             0
           20          63.22             1
           21          66.22             1
           22          69.22             1
           23          72.22             1
           24          75.22             1
           25          78.22             1
           26          81.22             2
           27          84.22             2
           28        90.6351             1
           29        100.031             1
           30         109.43             1
           31        114.434             0
           32        117.862             0
           33        120.862             0
           34        124.363             0
           35        130.567             0
           36        133.567             0
           37        136.567             0
           38        139.567             0
           39        142.567             0
           40        145.889             0
