Segment_Index Rep_Level Decision_Point_Of_Time Case DelayCase
            0         0                2.04226    0         0
            1         0                3.21999    1         0
            2         0                 5.4192    1         0
            3         0                7.16169    1         0
            4         1                 8.1261    1         0
            5         2                9.21943    1         0
            6         2                11.3004    1         0
            7         2                13.4937    1         0
            8         3                15.5899    1         0
            9         3                20.1449    1         0
           10         0                33.6499    1         0
           11         0                35.2294    1         0
           12         0                37.0613    2         0
           13         0                38.8266    2         0
           14         0                39.9529    1         0
           15         1                41.4372    1         0
           16         1                43.8193    1         0
           17         2                46.7046    1         0
           18         2                48.8438    1         0
           19         2                49.9735    1         0
           20         1                50.6272    1         0
           21         2                51.1949    1         0
           22         2                51.8442    1         0
           23         2                52.6111    1         0
           24         2                53.3157   99        99
           25         2                70.7669    1         0
           26         0                79.3631    1         0
           27         0                81.9146    1         0
           28         0                 85.587    2         0
           29         0                87.8899    2         0
           30         0                89.7608    1         0
           31         0                93.0161    2         0
           32         0                96.7921    1         0
           33         0                99.3833    2         0
           34         0                101.451    1         0
           35         0                104.883    2         0
           36         0                108.946    1         0
           37         0                112.444    2         0
           38         0                115.556    1         0
           39         0                118.086    1         0
           40         0                120.761    2         0
           41         0                123.013    1         0
           42         0                127.922    1         0
           43         0                131.638    3         0
           44         0                134.003    3         0
           45         0                135.385    1         0
           46         0                137.349    3         0
           47         0                140.237    3         0
           48         0                143.646    1         0
