Segment_Index Download_Request_Sent Download_Start Download_End Segment_Size Download_OK
            0               2.04226        2.08939      3.21999       231665           Y
            1               3.21999        3.26746       5.4192       359538           Y
            2                5.4192        5.46856      7.16169       348806           Y
            3               7.16169        7.20657       8.1261       318029           Y
            4                8.1261        8.17071      9.21943       593132           Y
            5               9.21943        9.26661      11.3004       761140           Y
            6               11.3004        11.3461      13.4937       914478           Y
            7               13.4937        13.5394      15.5899       822019           Y
            8               15.5899        15.6367      20.1449      1238750           Y
            9               20.1449        20.1983      33.6499      1767286           Y
           10               33.6499        33.6993      35.2294       227863           Y
           11               35.2294        35.2792      37.0613       260151           Y
           12               37.0613        37.1154      38.8266       316391           Y
           13               38.8266        38.8708      39.9529       287622           Y
           14               39.9529         39.997      41.4372       380062           Y
           15               41.4372        41.4814      43.8193       573161           Y
           16               43.8193        43.8694      46.7046       802709           Y
           17               46.7046        46.7487      48.8438       744431           Y
           18               48.8438        48.8879      49.9735       708489           Y
           19               49.9735        50.0177      50.6272       675324           Y
           20               50.6272        50.6715      51.1949       801791           Y
           21               51.1949         51.239      51.8442      1072014           Y
           22               51.8442        51.8883      52.6111       976785           Y
           23               52.6111        52.6554      53.3157       890800           Y
           24                62.201        62.2535      70.7669       965203           Y
           25               70.7669        70.8224      79.3631       854409           Y
           26               79.3631        79.4148      81.9146       217676           Y
           27               81.9146         81.998       85.587       271261           Y
           28                85.587        85.6391      87.8899       309994           Y
           29               87.8899        87.9431      89.7608       258879           Y
           30               89.7608        89.8174      93.0161       250361           Y
           31               93.0161        93.0688      96.7921       256175           Y
           32               96.7921         96.847      99.3833       256827           Y
           33               99.3833        99.4391      101.451       275019           Y
           34               101.451        101.503      104.883       243721           Y
           35               104.883        104.966      108.946       323284           Y
           36               108.946        109.001      112.444       231293           Y
           37               112.444        112.499      115.556       332180           Y
           38               115.556        115.606      118.086       340992           Y
           39               118.086        118.135      120.761       312689           Y
           40               120.761        120.817      123.013       310813           Y
           41               123.013        123.093      127.922       306198           Y
           42               127.922        127.971      131.638       278608           Y
           43               131.638        131.691      134.003       329561           Y
           44               134.003        134.054      135.385       232925           Y
           45               135.385        135.438      137.349       225972           Y
           46               137.349        137.403      140.237       308033           Y
           47               140.237        140.292      143.646       281454           Y
