    WinStart       WinEnd Samples_Number      Min      Max       Mean
        1.75          2.1        2       26       33       29.5
         2.1         2.45       46       41      154    100.826
        2.45          2.8       55       29       85    51.9636
         2.8         3.15       48       26       55    39.8958
        3.15          3.5       36       26       88    45.9444
         3.5         3.85       33       26       38         30
        3.85          4.2       41       25       43     29.122
         4.2         4.55       41       25       33    30.8049
        4.55          4.9       42       25       36    31.6429
         4.9         5.25       42       25       33    28.0952
        5.25          5.6       42       24       46       28.5
         5.6         5.95       44       24       35    26.6591
        5.95          6.3       48       24       29    24.8333
         6.3         6.65       46       24       25       24.5
        6.65            7       54       24       27     24.537
           7         7.35       60       23       36    24.9333
        7.35          7.7       73       23       27    24.3699
         7.7         8.05       95       23       27    24.4211
        8.05          8.4      101       23       41    25.2277
         8.4         8.75      146       23       26     24.226
        8.75          9.1      153       23       72    27.5556
         9.1         9.45       77       24       79    50.8442
        9.45          9.8       88       26       44    36.2614
         9.8        10.15       79       25       33    27.5823
       10.15         10.5       89       25       32    27.1798
        10.5        10.85       96       25       32      27.25
       10.85         11.2      100       24       29      26.18
        11.2        11.55       91       23       56    27.7253
       11.55         11.9      103       24       27    25.5146
        11.9        12.25      103       24       30    26.0485
       12.25         12.6      107       24       27     25.486
        12.6        12.95      106       24       27       25.5
       12.95         13.3      109       24       27    25.1009
        13.3        13.65       80       24       57       35.9
       13.65           14      102       24       52    31.0098
          14        14.35       77       24       54    34.3377
       14.35         14.7       96       24       33    25.8438
        14.7        15.05      108       24       35    26.0463
       15.05         15.4      100       31       39      33.97
        15.4        15.75       76       24       64    31.9605
       15.75         16.1       92       25       32    27.9348
        16.1        16.45       92       28       39     34.087
       16.45         16.8       79       26       39    30.3291
        16.8        17.15       76       26       36    28.3553
       17.15         17.5       82       26       34    29.1098
        17.5        17.85       84       28       33       30.5
       17.85         18.2       87       25       33    28.7356
        18.2        18.55       63       25       74    42.1746
       18.55         18.9       41       25       30    29.2683
        18.9        19.25       44       23       30    25.3636
       19.25         19.6       33       23       25    23.1515
        19.6        19.95       21       23       30         26
       19.95         20.3       45       23      133       59.6
        20.3        20.65       34      143      285    212.206
       20.65           21       33       39      130    88.5152
          21        21.35       28       29       32    29.2143
       21.35         21.7       28       29       29         29
        21.7        22.05       14       29       30    29.0714
       22.05         22.4       37       25       41    28.4595
        22.4        22.75       73       25       31    27.4247
       22.75         23.1       87       25       74    31.7471
        23.1        23.45       58       38       80    55.3793
       23.45         23.8       54       28       56    37.3333
        23.8        24.15       51       28       62    37.7451
       24.15         24.5       30       30       79    48.6667
        24.5        24.85       13       45       62    52.3077
       24.85         25.2       18       37       71    50.6111
        25.2        25.55       22       38       78    50.2727
       25.55         25.9       18       48       78    60.2222
        25.9        26.25       18       54       78    65.4444
       26.25         26.6       23       35       73    49.6087
        26.6        26.95       19       45       73    55.2105
       26.95         27.3       18       39       89    61.2778
        27.3        27.65       15       33       67         46
       27.65           28       16       33       78    48.9375
          28        28.35       30       26       67         32
       28.35         28.7       26       31       35         33
        28.7        29.05       26       31       50    33.9615
       29.05         29.4       25       31       63      40.92
        29.4        29.75       26       31       41         36
       29.75         30.1       28       25       41      33.75
        30.1        30.45       31       25       28    26.5484
       30.45         30.8       32       25       31    26.5938
        30.8        31.15       37       25       60    33.3243
       31.15         31.5       31       46       68    54.5161
        31.5        31.85       30       33       57       42.9
       31.85         32.2       31       34       60    46.7742
        32.2        32.55       30       48       71    57.0667
       32.55         32.9       27       33       60    42.8889
        32.9        33.25       38       28       48    34.6579
       33.25         33.6       47       28       40    31.4468
        33.6        33.95       45       28       71    34.1556
       33.95         34.3       33       28       73    50.7879
        34.3        34.65       27       34       57    40.8148
       34.65           35       30       38       61    51.6667
          35        35.35       40       26       85      36.75
       35.35         35.7       43       30       47    39.5814
        35.7        36.05       41       34       53    39.4634
       36.05         36.4       21       30      104    65.5714
        36.4        36.75       31       30       47    35.7097
       36.75         37.1       35       30       48    36.2286
        37.1        37.45       30       33       98       55.7
       37.45         37.8       32       33       54     39.375
        37.8        38.15       38       23       54    35.3158
       38.15         38.5       60       23       25    23.5333
        38.5        38.85       59       22       24    23.4746
       38.85         39.2       64       22       29    23.2188
        39.2        39.55       63       22       23    22.4921
       39.55         39.9       57       22       23    22.5088
        39.9        40.25       63       22       28    23.5238
       40.25         40.6       64       23       24       23.5
        40.6        40.95       58       23       24       23.5
       40.95         41.3       63       23       25     23.619
        41.3        41.65       71       22       32    24.2817
       41.65           42       92       23       25    23.7283
          42        42.35       48       29       94    56.2083
       42.35         42.7       52       33       54    45.1154
        42.7        43.05       49       29       42    33.1837
       43.05         43.4       52       33       46      38.25
        43.4        43.75       51       40       46    42.9412
       43.75         44.1       41       23      103    46.0244
        44.1        44.45       50       23       27      23.96
       44.45         44.8       63       23       25    23.5238
        44.8        45.15       67       23       26    23.5373
       45.15         45.5       76       23       24       23.5
        45.5        45.85       78       23       24       23.5
       45.85         46.2       76       22       24    22.9211
        46.2        46.55       78       22       23       22.5
       46.55         46.9       77       21       29    22.9221
        46.9        47.25       70       22       32       24.1
       47.25         47.6       80       23       25         24
        47.6        47.95       74       23       27    24.2432
       47.95         48.3       86       23       25    23.6163
        48.3        48.65      102       23       24    23.5098
       48.65           49      112       23       36    24.4018
          49        49.35      124       23       48    27.0161
       49.35         49.7      161       23       33    25.5404
        49.7        50.05      185       23       49    25.7243
       50.05         50.4      248       23       25    24.0685
        50.4        50.75      267       23       61    26.9213
       50.75         51.1      363       22       26    23.8871
        51.1        51.45      381       22       65    27.0315
       51.45         51.8      426       22       32    27.8192
        51.8        52.15      325       22       61    29.0462
       52.15         52.5      302       23       33    25.3278
        52.5        52.85      273       23       63    26.5055
       52.85         53.2      327       23       25     23.526
        53.2        53.55      112       22       24    23.4911
       53.55         53.9        0        0        0          0
        53.9        54.25        0        0        0          0
       54.25         54.6        0        0        0          0
        54.6        54.95        0        0        0          0
       54.95         55.3        0        0        0          0
        55.3        55.65        0        0        0          0
       55.65           56        0        0        0          0
          56        56.35        0        0        0          0
       56.35         56.7        0        0        0          0
        56.7        57.05        0        0        0          0
       57.05         57.4        0        0        0          0
        57.4        57.75        0        0        0          0
       57.75         58.1        0        0        0          0
        58.1        58.45        0        0        0          0
       58.45         58.8        0        0        0          0
        58.8        59.15        0        0        0          0
       59.15         59.5        0        0        0          0
        59.5        59.85        0        0        0          0
       59.85         60.2        0        0        0          0
        60.2        60.55        0        0        0          0
       60.55         60.9        0        0        0          0
        60.9        61.25        0        0        0          0
       61.25         61.6        0        0        0          0
        61.6        61.95        0        0        0          0
       61.95         62.3        6       31       77         54
        62.3        62.65       37       86      391     247.27
       62.65           63       38      191      367    291.421
          63        63.35       29       76      209    161.448
       63.35         63.7       29       52       64    52.8276
        63.7        64.05       25       34      119      65.08
       64.05         64.4       22      123      443    278.773
        64.4        64.75       22      121      454    283.864
       64.75         65.1       22       41      105    44.6818
        65.1        65.45       22       41       41         41
       65.45         65.8       20       37      119         60
        65.8        66.15       25      119      245     186.84
       66.15         66.5       25       33      159     104.04
        66.5        66.85       13       33      104    43.9231
       66.85         67.2       24       33      278    145.958
        67.2        67.55       30      290      569    445.367
       67.55         67.9       30       95      525      308.5
        67.9        68.25       29       32       81    47.4828
       68.25         68.6       36       48      227      168.5
        68.6        68.95       34       32      208    169.118
       68.95         69.3       35       31      128    57.2857
        69.3        69.65       31       31      220    95.2258
       69.65           70       37      230      433     362.73
          70        70.35       38      109      458    388.974
       70.35         70.7        3       39       83         54
        70.7        71.05       20       34      249      126.5
       71.05         71.4       16      276      603      456.5
        71.4        71.75       18       70      565    357.167
       71.75         72.1       13       34       78    57.8462
        72.1        72.45       15       45      180    132.733
       72.45         72.8       18       34      143    81.2778
        72.8        73.15       12       45       90      52.75
       73.15         73.5       11       37      154    73.4545
        73.5        73.85       25      142      257     200.32
       73.85         74.2       32       32      154    100.656
        74.2        74.55       28       32       50    33.9286
       74.55         74.9       28       32      298    172.179
        74.9        75.25       24       77      255      181.5
       75.25         75.6       22       32       68    42.2273
        75.6        75.95       20       41       59      48.65
       75.95         76.3       18       41      147    72.3333
        76.3        76.65       24      123      219    167.208
       76.65           77       17       31      152    79.1176
          77        77.35       13       31       46    34.5385
       77.35         77.7       37       31      360    195.568
        77.7        78.05       39      188      434    345.641
       78.05         78.4       40       40      211     92.475
        78.4        78.75       39       40       40         40
       78.75         79.1       35       30       81    43.2286
        79.1        79.45       37       30      206    97.4054
       79.45         79.8       41       46      114    69.7073
        79.8        80.15       32       30       98    50.0625
       80.15         80.5       19       39       98    65.1053
        80.5        80.85       21       47       81    59.1905
       80.85         81.2       14       64      173    88.9286
        81.2        81.55        9      139      179    165.667
       81.55         81.9        8       62      142      96.25
        81.9        82.25       14       62      165    93.2143
       82.25         82.6       16       62      104      88.25
        82.6        82.95       12       83      167      114.5
       82.95         83.3        5      142      219        179
        83.3        83.65        3       62      142    88.6667
       83.65           84        3      139      179    152.333
          84        84.35       24       30      259      51.25
       84.35         84.7       25       30       75      42.04
        84.7        85.05       34       30       67    39.9412
       85.05         85.4       34       31       42    35.0882
        85.4        85.75       32       25       75     38.125
       85.75         86.1       33       31       49    36.0606
        86.1        86.45       31       35       46    40.6774
       86.45         86.8       31       35       46    40.3226
        86.8        87.15       32       32       46    39.1562
       87.15         87.5       35       32       51       40.8
        87.5        87.85       36       38       57    48.3056
       87.85         88.2       34       30      109    54.1471
        88.2        88.55       39       30       47    34.7692
       88.55         88.9       41       37       54    44.0488
        88.9        89.25       32       45       98    67.3125
       89.25         89.6       25       35       85       50.8
        89.6        89.95       24       35      128    71.7083
       89.95         90.3       30       31       85    47.7667
        90.3        90.65       34       31       41         36
       90.65           91       27       31      111    52.3704
          91        91.35       13       34       98    66.2308
       91.35         91.7       17       34       89    59.2353
        91.7        92.05       13       33       63    40.5385
       92.05         92.4       10       53      134       92.1
        92.4        92.75       10       76      153      108.9
       92.75         93.1       11       31      134    76.6364
        93.1        93.45       22       31       78    37.6818
       93.45         93.8       23       31       41    36.2174
        93.8        94.15       19       31       89    42.8947
       94.15         94.5       12       56      111    80.0833
        94.5        94.85       13       61      111    75.2308
       94.85         95.2       15       33      127    63.6667
        95.2        95.55       14       34       79    54.5714
       95.55         95.9       18       34       88    56.3333
        95.9        96.25       18       46       95    62.8333
       96.25         96.6       12       48       71    58.6667
        96.6        96.95       13       33       91    56.8462
       96.95         97.3       22       34       77         53
        97.3        97.65       25       34       47      40.24
       97.65           98       25       34       47      40.76
          98        98.35       25       34       46      39.32
       98.35         98.7       26       34       45       39.5
        98.7        99.05       25       34       47       39.8
       99.05         99.4       25       26       47      39.92
        99.4        99.75       24       34       84    45.7083
       99.75        100.1       29       37       58    47.2069
       100.1       100.45       33       42       64         52
      100.45        100.8       32       32       74    58.4375
       100.8       101.15       36       30       54    41.7778
      101.15        101.5       36       38       55    45.3056
       101.5       101.85       41       30       99    56.0244
      101.85        102.2       31       30       76    47.8065
       102.2       102.55       12       85      165    123.167
      102.55        102.9       13       45      125    67.0769
       102.9       103.25       12       35       99    71.4167
      103.25        103.6       19       35       75         49
       103.6       103.95       15       35      102       61.8
      103.95        104.3       10       35      154       83.8
       104.3       104.65        9       99      139    116.778
      104.65          105        8       62      139        111
         105       105.35       16       39      159    66.5625
      105.35        105.7       10       84      119       98.8
       105.7       106.05       11       66      119    91.7273
      106.05        106.4       16       46       92       65.5
       106.4       106.75       11       46       80    55.5455
      106.75        107.1       23       33       56         41
       107.1       107.45       26       33       44       38.5
      107.45        107.8       26       33       44       38.5
       107.8       108.15       25       33       46      38.52
      108.15        108.5       25       33       45      39.24
       108.5       108.85       26       33       45         39
      108.85        109.2       18       33      113    57.7222
       109.2       109.55        8       68      181        133
      109.55        109.9        3       44      113         75
       109.9       110.25        0        0        0          0
      110.25        110.6        0        0        0          0
       110.6       110.95        7       42      114    72.1429
      110.95        111.3       33       35      111    69.5152
       111.3       111.65       37       45      130    71.3243
      111.65          112       37       45       45         45
         112       112.35       28       39       56    48.9286
      112.35        112.7        2       33       33         33
       112.7       113.05       22       33       88    57.8636
      113.05        113.4       32       43      108     71.375
       113.4       113.75       33       43       43         43
      113.75        114.1       30       43       67    45.3667
       114.1       114.45        6       37       79    66.6667
      114.45        114.8       17       37       84    60.9412
       114.8       115.15       31       29       87    50.6774
      115.15        115.5       49       29       48    36.5918
       115.5       115.85       43       29       98     49.093
      115.85        116.2       37       29       68    43.7838
       116.2       116.55       27       33       68    45.8148
      116.55        116.9       31       34       55    41.0968
       116.9       117.25       30       46       60    52.8667
      117.25        117.6       30       48       60         54
       117.6       117.95       31       48       60    54.1935
      117.95        118.3       36       28       65    38.1944
       118.3       118.65       27       34       66    49.8519
      118.65          119       25       28       59      38.92
         119       119.35       28       34       67    45.1429
      119.35        119.7       29       38       61    54.5172
       119.7       120.05       29       50       63    55.7586
      120.05        120.4       29       51       66    59.1034
       120.4       120.75       28       53       66       59.5
      120.75        121.1       27       30      109    56.7407
       121.1       121.45       41       30       39    34.6098
      121.45        121.8       41       30       39    34.3902
       121.8       122.15       40       30       47     35.725
      122.15        122.5       37       38       90    44.9189
       122.5       122.85       20       47      124       84.9
      122.85        123.2       13       47      139    72.8462
       123.2       123.55        9       42      219    141.556
      123.55        123.9       14       42       82    61.7143
       123.9       124.25       15       60      136    84.0667
      124.25        124.6       16       62       83       72.5
       124.6       124.95       17       62       83    71.8824
      124.95        125.3       10       62      179      108.9
       125.3       125.65        9      139      179    161.222
      125.65          126        9      139      179    156.778
         126       126.35       14       77      179    103.786
      126.35        126.7       14       77      102       89.5
       126.7       127.05       15       28      127    87.5333
      127.05        127.4       20       28       39       30.8
       127.4       127.75       28       28       39    31.2857
      127.75        128.1       35       28       57    32.9714
       128.1       128.45       31       28       60    40.6129
      128.45        128.8       30       33       48       42.1
       128.8       129.15       23       28       39    30.8696
      129.15        129.5        0        0        0          0
       129.5       129.85        1      654      654        654
      129.85        130.2        0        0        0          0
       130.2       130.55       29       30     1296    265.379
      130.55        130.9       25       30       87      55.84
       130.9       131.25       15       32       81    53.8667
      131.25        131.6       18       58       96    69.4444
       131.6       131.95       31       32       81     45.129
      131.95        132.3       36       35       48    40.8333
       132.3       132.65       37       35       45    40.1351
      132.65          133       37       35       45    39.8649
         133       133.35       32       35       56    48.9375
      133.35        133.7       32       45       56       50.5
       133.7       134.05       28       41       56    50.3571
      134.05        134.4       42       29       74    35.9762
       134.4       134.75       45       29       44       33.8
      134.75        135.1       44       30       63    39.7955
       135.1       135.45       32       30       63     48.375
      135.45        135.8       22       35      110    75.7273
       135.8       136.15       22       31       92    42.8182
      136.15        136.5       26       29       76    48.4615
       136.5       136.85       37       29       36    32.5946
      136.85        137.2       33       29       48    36.0303
       137.2       137.55       29       33       89    44.1379
      137.55        137.9       31       34       46    39.8065
       137.9       138.25       20       34      118       60.1
      138.25        138.6       10       33       95       59.8
       138.6       138.95       15       48       83    58.8667
      138.95        139.3       27       28       71    35.2963
       139.3       139.65       38       28       40    31.1579
      139.65          140       39       28       34    31.0769
         140       140.35       24       34       81    48.0833
      140.35        140.7       30       38       93    45.4333
       140.7       141.05       19       38      109    66.5789
      141.05        141.4       13       28       40    33.5385
       141.4       141.75       28       28       46    32.2857
      141.75        142.1       26       28       63    37.8846
       142.1       142.45       17       30       88    55.1765
      142.45        142.8       21       30       54    41.5238
       142.8       143.15       18       45       93    59.1667
      143.15        143.5       11       33       87    62.2727
       143.5       143.85       15       33       76    47.3333
      143.85        144.2       10       44      153       74.8
       144.2       144.55        5       62      190      133.8
      144.55        144.9        4       62      139      91.25
       144.9       145.25        7       62      179    115.714
      145.25        145.6        9      104      167    129.667
       145.6       145.95        9       83      146    120.333
      145.95        146.3        5      125      240      165.6
       146.3       146.65        3       91      171    133.667
      146.65          147        2      139      139        139
         147       147.35       20       30      195      56.35
      147.35        147.7       21       30       46    39.2857
       147.7       148.05       20       30       63       40.7
      148.05        148.4       10       81      137      102.9
       148.4       148.75       16       50      104      61.25
      148.75        149.1        9       50      144    90.4444
       149.1       149.45        4      139      233     185.75
      149.45        149.8        5       62      219      124.2
