Segment_Index Playback_Start Quality_Level
            0        3.21999             0
            1        6.21999             0
            2        9.21999             0
            3          12.22             0
            4          15.22             1
            5          18.22             2
            6          21.22             2
            7          24.22             2
            8          27.22             3
            9        33.6499             3
           10        36.6499             0
           11        39.6499             0
           12        42.6499             0
           13        45.6499             0
           14        48.6499             0
           15        51.6499             1
           16        54.6499             1
           17        57.6499             2
           18        60.6499             2
           19        63.6499             2
           20        66.6499             1
           21        69.6499             2
           22        72.6499             2
           23        75.6499             2
           24        78.6499             2
           25        81.6499             2
           26        84.6499             0
           27        87.6499             0
           28        90.6499             0
           29        93.6499             0
           30        96.6499             0
           31        99.6499             0
           32         102.65             0
           33         105.65             0
           34         108.65             0
           35         111.65             0
           36         114.65             0
           37         117.65             0
           38         120.65             0
           39         123.65             0
           40         126.65             0
           41         129.65             0
           42         132.65             0
           43         135.65             0
           44         138.65             0
           45         141.65             0
           46         144.65             0
           47         147.65             0
