Segment_Index Rep_Level Decision_Point_Of_Time Case DelayCase
            0         0                2.04241    0         0
            1         0                 2.5526    1         0
            2         0                3.08921    1         0
            3         0                3.60034    1         0
            4         0                 4.0942    1         0
            5         0                4.49594    1         0
            6         0                4.88711    1         0
            7         0                5.26132    1         0
            8         0                5.61819    1         0
            9         0                5.97501    1         0
           10         0                6.31535    1         0
           11         0                6.66087    1         0
           12         0                6.99941    1         0
           13         0                7.32266    1         0
           14         0                7.59968    1         0
           15         0                7.83967    1         0
           16         0                8.06754    1         0
           17         0                8.26476    1         0
           18         0                8.45084    1         0
           19         0                8.63035    1         0
           20         1                8.80741    3         1
           21         1                39.0135    4         1
           22         1                 44.247    4         0
           23         1                45.4458    4         0
           24         1                46.0765    4         1
           25         1                49.5042    4         1
           26         2                52.8617    3         1
           27         2                60.5527    4         0
           28         2                63.8918    4         0
           29         2                 67.804    4         0
           30         2                70.6659    4         0
           31         2                74.2106    4         0
           32         3                77.0594    3         0
           33         3                85.8113    4         0
           34         3                90.4084    4         0
           35         2                95.8928    2         0
           36         2                99.6175    4         0
           37         2                102.825    4         0
           38         2                107.326    4         0
           39         2                 111.78    4         0
           40         1                115.239    2         0
           41         1                117.276    4         1
           42         1                122.738    4         0
           43         1                127.393    4         0
           44         0                130.436    2         1
           45         0                134.505    4         0
           46         0                135.552    4         1
           47         0                139.419    4         1
           48         0                143.451    4         0
           49         0                 145.62    4         1
