Segment_Index Download_Request_Sent Download_Start Download_End Segment_Size Download_OK
            0               2.04241        2.09319       2.5526        80640           Y
            1                2.5526         2.5997      3.08921        79360           Y
            2               3.08921        3.13665      3.60034        80640           Y
            3               3.60034        3.64902       4.0942        79360           Y
            4                4.0942        4.14114      4.49594        80640           Y
            5               4.49594         4.5429      4.88711        79360           Y
            6               4.88711        4.93473      5.26132        80640           Y
            7               5.26132        5.30689      5.61819        79360           Y
            8               5.61819        5.66374      5.97501        80640           Y
            9               5.97501        6.02011      6.31535        79360           Y
           10               6.31535        6.36043      6.66087        80640           Y
           11               6.66087        6.70596      6.99941        79360           Y
           12               6.99941        7.04429      7.32266        80640           Y
           13               7.32266        7.36756      7.59968        79360           Y
           14               7.59968        7.64456      7.83967        80640           Y
           15               7.83967        7.88457      8.06754        79360           Y
           16               8.06754        8.11213      8.26476        80640           Y
           17               8.26476        8.30937      8.45084        79360           Y
           18               8.45084        8.49543      8.63035        80640           Y
           19               8.63035        8.67496      8.80741        79360           Y
           20               38.8074        38.8516      39.0135       194556           Y
           21               42.0135        42.0759       44.247       256746           Y
           22                44.247        44.2913      45.4458       207007           Y
           23               45.4458        45.4905      46.0765       217711           Y
           24               49.0765        49.1215      49.5042       222052           Y
           25               52.5042        52.5485      52.8617       233500           Y
           26               55.8617        55.9176      60.5527       216720           Y
           27               60.5527        60.6052      63.8918       213280           Y
           28               63.8918        63.9678       67.804       216720           Y
           29                67.804        67.8621      70.6659       213280           Y
           30               70.6659        70.7179      74.2106       216720           Y
           31               74.2106        74.2776      77.0594       213280           Y
           32               77.0594        77.1118      85.8113       496401           Y
           33               85.8113        85.8737      90.4084       316706           Y
           34               90.4084        90.4732      95.8928       322126           Y
           35               95.8928         95.953      99.6175       213280           Y
           36               99.6175        99.6798      102.825       216720           Y
           37               102.825        102.899      107.326       213280           Y
           38               107.326        107.383       111.78       216720           Y
           39                111.78        111.836      115.239       213280           Y
           40               115.239        115.289      117.276       152660           Y
           41               120.276        120.349      122.738       169616           Y
           42               122.738        122.797      127.393       153860           Y
           43               127.393        127.443      130.436       178388           Y
           44               133.436        133.507      134.505        80640           Y
           45               134.505        134.565      135.552        79360           Y
           46               138.552        138.607      139.419        80640           Y
           47               142.419        142.482      143.451        79360           Y
           48               143.451        143.507       145.62        80640           Y
