Segment_Index Playback_Start Quality_Level
            0         3.2526             0
            1         6.2526             0
            2         9.2526             0
            3        12.2526             0
            4        15.2526             0
            5        18.2526             0
            6        21.2526             0
            7        24.2526             0
            8        27.2526             0
            9        30.2526             0
           10        33.2526             0
           11        36.2526             0
           12        39.2526             0
           13        42.2526             0
           14        45.2526             0
           15        48.2526             0
           16        51.2526             0
           17        54.2526             0
           18        57.2526             0
           19        60.2526             0
           20        63.2526             1
           21        66.2526             1
           22        69.2526             1
           23        72.2526             1
           24        75.2526             1
           25        78.2526             1
           26        81.2526             2
           27        84.2526             2
           28        90.6526             2
           29        100.053             2
           30        109.453             2
           31        114.453             2
           32        117.953             3
           33        120.953             3
           34        124.453             3
           35        130.653             2
           36        133.653             2
           37        136.653             2
           38        139.653             2
           39        142.653             2
           40        145.953             1
